time,seconds_elapsed,z,y,x,a_mag,t_front_video,t_side_video,front_frame,side_frame,label
1764953320564098800,2.064098876953125,-5.3997395671665664,-7.6904148018747565,-0.0670053151173517,9.397029154491992,1.076,1.1945,32,36,0
1764953320574030800,2.07403076171875,-4.811643326124549,-4.601760220238567,0.4473804871454834,6.672949716780994,1.0859368677672436,1.204434714319825,33,36,0
1764953320583961900,2.0839619140625,-1.4559548876211046,-1.5216723914176224,-0.133665323928371,2.110250677149823,1.0958730027451435,1.2143686960091116,33,36,0
1764953320593892900,2.093892822265625,0.9209031312853098,0.6218278302520514,-1.2337976988345385,1.6604183778001451,1.1058088934599288,1.2243024334882184,33,37,0
1764953320603823900,2.103823974609375,2.3684213222116233,2.0780039594084023,-1.8521563916713,3.654860231805383,1.1157450284378292,1.2342364151775054,33,37,0
1764953320613756000,2.113755859375,3.1857872143939137,3.0505893471360204,-2.054065449938178,4.865646967555829,1.1256818962050728,1.2441711294973306,34,37,0
1764953320623687000,2.12368701171875,3.5340213908717035,3.633915889558196,-1.839297348489612,5.392371150030683,1.1356180311829729,1.254105111186617,34,38,0
1764953320633618000,2.133617919921875,3.667896485093235,3.880048120433092,-1.242651013506204,5.4820087179430566,1.1455539218977584,1.2640388486657244,34,38,0
1764953320643550000,2.143550048828125,3.751995741015672,3.59502297206223,-0.4767832533709704,5.218139944553988,1.1554910339281168,1.2739738071957292,35,38,0
1764953320653480700,2.153480712890625,3.448580364951491,2.4971213518828153,0.060070720948046,4.258160409269857,1.1654266803797872,1.2839073004646564,35,39,0
1764953320663412000,2.163411865234375,1.765987928259373,1.107723926013708,0.6335913332819938,2.1788078475696544,1.1753628153576872,1.293841282153943,35,39,0
1764953320673343000,2.173343017578125,-1.9715604774698616,-0.0177858320593833,1.4132010569132865,2.4257997195572565,1.1852989503355875,1.3037752638432296,36,39,0
1764953320683274800,2.183274658203125,-4.754976267006993,-0.584293341627717,1.6805824120439588,5.076963191962467,1.1952355738397165,1.3137097339528752,36,39,0
1764953320693205800,2.193205810546875,-4.529498993887007,-0.5811082818508148,1.2411002769328654,4.732269843136785,1.2051717088176166,1.3236437156421617,36,40,0
1764953320703137000,2.203136962890625,-2.2537232221469283,-0.2717559169530868,0.9709640701361,2.4689857970305553,1.215107843795517,1.3335776973314486,36,40,0
1764953320713069000,2.213069091796875,-0.0824625946313142,0.0627507629454135,0.9251102275863288,0.9308956283861198,1.2250449558258751,1.3435126558614536,37,40,0
1764953320722999800,2.222999755859375,1.3573150651708243,0.2739630716085434,0.5919986918406561,1.5059290826217266,1.2349806022775458,1.3534461491303806,37,41,0
1764953320732930800,2.232930908203125,2.0731191099762913,0.2417851415812969,0.0127279276153072,2.0872098358765365,1.2449167372554455,1.3633801308196671,37,41,0
1764953320742861800,2.24286181640625,2.2105814150348304,-0.1014075335979461,-0.731439201636985,2.33065591326973,1.2548526279702314,1.3733138682987744,38,41,0
1764953320752793900,2.2527939453125,1.899893125358224,-0.61927522315979,-1.2304834597200154,2.3467392770496653,1.2647897400005896,1.3832488268287793,38,41,0
1764953320762724900,2.262724853515625,1.208549860331416,-1.017835565295815,-1.30098600583598,2.046740479462209,1.274725630715375,1.393182564307886,38,42,0
1764953320772655900,2.27265576171875,0.3696522275596857,-1.1690420258074998,-1.1417918345060198,1.6754075984036132,1.2846615214301609,1.4031163017869934,39,42,0
1764953320782587600,2.282587646484375,-0.2306011920049786,-1.072899280869961,-0.810352506288886,1.3641704296362955,1.2945983891974042,1.4130510161068186,39,42,0
1764953320792519000,2.292518798828125,-0.4663406236812472,-0.7678361375987529,-0.3936752735082059,0.9808293085291376,1.304534524175304,1.422984997796105,39,43,0
1764953320802450000,2.302449951171875,-0.4073503823131322,-0.3760281923323869,-0.0623090881590964,0.5578655374430612,1.314470659153204,1.4329189794853916,39,43,0
1764953320812381400,2.31238134765625,-0.2084393368184566,-0.0375660528063774,0.1799558956612832,0.2779249716020929,1.3244070383942188,1.4428532053848575,40,43,0
1764953320822312700,2.322312744140625,-0.0171159699738025,0.1842903994679451,0.4271860595744103,0.4655575552591865,1.3343434176352331,1.452787431284324,40,44,0
1764953320832243700,2.33224365234375,0.1138148874893784,0.2954121023505926,0.6496409161332994,0.7226724422197995,1.344279308350019,1.4627211687634312,40,44,0
1764953320842174500,2.342174560546875,0.2140519160032272,0.4208709581434726,0.7811176439762115,0.9127405764422906,1.354215199064804,1.472654906242538,41,44,0
1764953320852106500,2.3521064453125,0.164681735895574,0.4751034835904836,0.7666774690829217,0.9168629864144298,1.364152066832048,1.4825896205623632,41,44,0
1764953320862037800,2.362037841796875,-0.068458619198203,0.4802145429939031,0.5981941489472985,0.7701485763670218,1.3740884460730625,1.4925238464618291,41,45,0
1764953320871968500,2.371968505859375,-0.2324275306493043,0.4534615606248378,0.4499313772046938,0.6797706879245082,1.3840240925247336,1.502457339730757,42,45,0
1764953320881900500,2.381900634765625,-0.3517223108544945,0.4710001399248838,0.3639192368656396,0.6913659860905477,1.3939612045550918,1.5123922982607618,42,45,0
1764953320891831600,2.39183154296875,-0.4186167494758963,0.5089952317982912,0.2707491693296469,0.7124754322977427,1.403897095269877,1.522326035739869,42,46,0
1764953320901762800,2.4017626953125,-0.4260802172243595,0.5803460653066634,0.0790111481363419,0.7242849360277394,1.4138332302477774,1.5322600174291556,42,46,0
1764953320911693600,2.411693603515625,-0.2794581618934869,0.5834826097667217,-0.1203232373369392,0.6580474918972886,1.4237691209625627,1.5421937549082625,43,46,0
1764953320921625600,2.42162548828125,-0.0125561147123575,0.517647324809432,-0.2673341001891531,0.582738303205629,1.4337059887298065,1.5521284692280877,43,47,0
1764953320931556600,2.431556640625,0.2598319626644254,0.3244739461839199,-0.3405364615820348,0.5373649339518027,1.4436421237077066,1.5620624509173746,43,47,0
1764953320941487600,2.441487548828125,0.4256979399085044,0.0433826301306486,-0.3433819872062653,0.5486455848515698,1.453578014422492,1.5719961883964813,44,47,0
1764953320951419600,2.451419677734375,0.3979617917209863,-0.1892646807491779,-0.29331516660396,0.5293661247272767,1.46351512645285,1.5819311469264865,44,47,0
1764953320961350700,2.4613505859375,0.1648530008092522,-0.2940074962496757,-0.236914138011448,0.4120014909154162,1.4734510171676354,1.591864884405593,44,48,0
1764953320971281400,2.471281494140625,-0.192638248835504,-0.3042974195957184,-0.260099746755138,0.4442502591435475,1.4833869078824211,1.6017986218847002,45,48,0
1764953320981213700,2.481213623046875,-0.4636190897628665,-0.252833189818263,-0.292911042782478,0.603874292589232,1.4933240199127795,1.6117335804147053,45,48,0
1764953320991144700,2.491144775390625,-0.5653372967451811,-0.218938519001007,-0.300992752027139,0.6768581616309092,1.5032601548906794,1.6216675621039918,45,49,0
1764953321001075500,2.501075439453125,-0.4639774016812443,-0.2007762548446655,-0.3315660233367234,0.6045842882606671,1.5131958013423503,1.6316010553729192,45,49,0
1764953321011006700,2.5110068359375,-0.3248027397468686,-0.184797764468193,-0.3181888380324468,0.4908066525098783,1.523132180583365,1.6415352812723851,46,49,0
1764953321020938800,2.520938720703125,-0.2424620179295539,-0.1516086115717888,-0.2299109081858769,0.3669223718227761,1.5330690483506086,1.6514699955922103,46,50,0
1764953321030869800,2.530869873046875,-0.1865530837029218,-0.116420978334546,-0.1813808504304848,0.285052469097056,1.5430051833285086,1.661403977281497,46,50,0
1764953321040800500,2.540800537109375,-0.1665957528233528,-0.0839864431977272,-0.145672472121613,0.2367030558184807,1.5529408297801797,1.6713374705504247,47,50,0
1764953321050732500,2.550732666015625,-0.1216410510703921,-0.0919143135875463,-0.0721888917677104,0.1686891295917723,1.562877941810538,1.6812724290804295,47,50,0
1764953321060663800,2.560663818359375,-0.084853873682022,-0.0968172831982374,0.0437921653461875,0.1359835282320622,1.5728140767884378,1.6912064107697162,47,51,0
1764953321070594600,2.570594482421875,-0.0173766667366027,-0.0594604892283678,0.1757396296731196,0.1863381758089227,1.5827497232401089,1.7011399040386437,47,51,0
1764953321080525600,2.580525634765625,0.0235845814660191,0.0283265152961015,0.2939244393424131,0.2962266024422847,1.5926858582180086,1.71107388572793,48,51,0
1764953321090457600,2.59045751953125,-0.0207286075130105,0.0487111316770315,0.2819622902015224,0.2868887983424467,1.6026227259852523,1.7210086000477554,48,52,0
1764953321100388600,2.600388671875,-0.1698494939222931,0.0415676896631717,0.2032418412405997,0.2681118599399548,1.6125588609631525,1.730942581737042,48,52,0
1764953321110319600,2.610319580078125,-0.2044543588355183,0.0445616107821464,0.12055451620901,0.2414968185726901,1.622494751677938,1.740876319216149,49,52,0
1764953321120251600,2.620251708984375,-0.1166433889135718,0.0291647196859121,0.0806732635291293,0.1447910097348621,1.6324318637082964,1.750811277746154,49,53,0
1764953321130182400,2.630182373046875,-0.0201668819770216,0.0612684154331684,0.0209754127477761,0.0678269105761569,1.6423675101599673,1.7607447710150814,49,53,0
1764953321140113700,2.64011376953125,0.0470274163737893,0.1375257256835699,-0.0790610608258284,0.1654555966248697,1.6523038894009818,1.7706789969145476,50,53,0
1764953321150044700,2.650044677734375,0.0555818942293524,0.1654892528861761,-0.1733776680484414,0.2460403535293818,1.6622397801157671,1.7806127343936544,50,53,0
1764953321159976700,2.659976806640625,0.024951778165996,0.1768272239804267,-0.2158769760059192,0.2801666060467044,1.6721768921461253,1.7905476929236597,50,54,0
1764953321169907500,2.669907470703125,0.0478469160631299,0.1927887632220983,-0.2116035730030387,0.2902290590363253,1.6821125385977964,1.800481186192587,50,54,0
1764953321179838700,2.679838623046875,0.0512576012894511,0.1727490147560834,-0.208306394621171,0.27542897056994,1.6920486735756963,1.8104151678818736,51,54,0
1764953321189770800,2.689770751953125,0.0546150950238108,0.0672474898427724,-0.1886386395390145,0.207580273199897,1.7019857856060543,1.8203501264118784,51,55,0
1764953321199701500,2.699701416015625,0.0335164851546287,-0.0077688804358243,-0.1563492850265465,0.1600900034626111,1.7119214320577256,1.830283619680806,51,55,0
1764953321209632500,2.709632568359375,-0.0315057298541069,-0.0640291123181581,-0.1349801967860665,0.152682650495387,1.7218575670356255,1.8402176013700924,52,55,0
1764953321219563800,2.719563720703125,-0.0560749384433031,-0.0700596246540546,-0.1377128548866603,0.1643702531759369,1.7317937020135257,1.8501515830593789,52,56,0
1764953321229495600,2.72949560546875,-0.1375333244681358,-0.049821723267436,-0.1377271939392667,0.2009139104168222,1.7417305697807692,1.860086297379204,52,56,0
1764953321239426600,2.739426513671875,-0.1715513294041156,-0.0632879385620355,-0.1573250712561421,0.2412185727374688,1.7516664604955547,1.8700200348583111,53,56,0
1764953321249357800,2.74935791015625,-0.1541436830073595,-0.0933224268198013,-0.1913758094179443,0.2628574723856711,1.7616028397365695,1.8799542607577775,53,56,0
1764953321259289600,2.75928955078125,-0.0982438088700175,-0.1007750809133052,-0.1601338268002495,0.2131907723145259,1.7715394632406984,1.889888730867423,53,57,0
1764953321269220600,2.769220703125,-0.0103542207539081,-0.0405213954806327,-0.1489436027467716,0.1547042021998969,1.7814755982185984,1.8998227125567095,53,57,0
1764953321279151600,2.779151611328125,0.0904483326882124,0.0165811324447393,-0.138771186566865,0.1664730520546889,1.791411488933384,1.9097564500358168,54,57,0
1764953321289082600,2.78908251953125,0.1747124237835407,0.039912908193469,-0.0682595849281875,0.1917728922432684,1.8013473796481692,1.9196901875149237,54,58,0
1764953321299014700,2.7990146484375,0.1783534106343984,0.0892453866392374,-0.0138334594381041,0.1999150887785486,1.8112844916785276,1.9296251460449283,54,58,0
1764953321308945700,2.808945556640625,0.1325362468332052,0.1486865866452455,0.0029577823681582,0.199204182308966,1.8212203823933133,1.9395588835240356,55,58,0
1764953321318876400,2.81887646484375,0.0718058837994933,0.1436421627372503,0.0132548124500666,0.1611361099106822,1.8311562731080984,1.9494926210031425,55,58,0
1764953321328808400,2.828808349609375,0.0517857168167829,0.1158569147109985,0.0123944453191536,0.1275076759546228,1.8410931408753424,1.959427335322968,55,59,0
1764953321338739700,2.83873974609375,0.0309133169189095,0.106420977845788,0.0191266316594905,0.1124583733086179,1.851029520116357,1.969361561222434,56,59,0
1764953321348670700,2.848670654296875,0.0848006821900606,0.1048000986456871,0.0380852886242209,0.1400882064473509,1.8609654108311424,1.979295298701541,56,59,0
1764953321358602500,2.8586025390625,0.2424421441853046,0.094703067523241,0.0936112902311608,0.2766042984738707,1.870902278598386,1.9892300130213665,56,60,0
1764953321368533500,2.868533447265625,0.4155459637284278,0.0665834729760885,0.176975290681608,0.4565436018129977,1.8808381693131715,1.9991637505004736,56,60,0
1764953321378464800,2.87846484375,0.4037783690452575,0.0433750313460826,0.1577070197784341,0.4356487905876902,1.890774548554186,2.0090979763999393,57,60,0
1764953321388395500,2.8883955078125,0.2574661103159189,0.0293453369498252,0.0396397081421222,0.2621473883591067,1.900710195005857,2.019031469668867,57,61,0
1764953321398327600,2.89832763671875,0.1442386673256754,0.0527624528944492,0.0014767040789811,0.1535931321454924,1.910647307036215,2.0289664281988715,57,61,1
1764953321408258600,2.908258544921875,-0.020539222420752,0.0993576153308153,-0.0047943627036409,0.1015715575129644,1.9205831977510008,2.038900165677979,58,61,1
1764953321418189600,2.918189453125,-0.1612462084889412,0.144963182207942,0.0518911042868625,0.2229514535768316,1.930519088465786,2.0488339031570857,58,61,1
1764953321428121600,2.92812158203125,-0.1443146551713347,0.1287754329949617,0.0494815497939474,0.1996453245389733,1.9404562004961443,2.0587688616870907,58,62,1
1764953321438052600,2.938052490234375,0.0589946252822875,0.0569043750047683,-0.0442835610257461,0.0931638743505324,1.95039209121093,2.068702599166198,59,62,1
1764953321447983600,2.947983642578125,0.2727294381603598,-0.0075672203838825,-0.0926735435901675,0.2881440524202477,1.96032822618883,2.0786365808554845,59,62,1
1764953321457914600,2.95791455078125,0.4150143410697579,-0.0396820220470428,-0.0995225509684067,0.4286213997440706,1.9702641169036152,2.0885703183345914,59,63,1
1764953321467846700,2.9678466796875,0.3587368657916784,-0.1153068796128034,-0.1096258383017033,0.392435523095743,1.9802012289339737,2.0985052768645964,59,63,1
1764953321477777700,2.977777587890625,0.0824403827995061,-0.1595014106482267,-0.0493863549243193,0.1862152753337227,1.9901371196487592,2.1084390143437033,60,63,1
1764953321487708700,2.987708740234375,-0.2794391649320721,-0.1898842739522457,-0.0014723604077706,0.337852707903127,2.0000732546266593,2.11837299603299,60,64,1
1764953321497640700,2.997640625,-0.4934259067445993,-0.2166618062406778,-0.0012924989123945,0.5388999297491526,2.010010122393903,2.128307710352815,60,64,1
1764953321507571700,3.00757177734375,-0.4580260920614004,-0.1594903047323226,0.0009963792097638,0.4850010835907247,2.019946257371803,2.1382416920421017,61,64,1
1764953321517502500,3.01750244140625,-0.2062391964256763,-0.0679097531437873,0.0358704803852713,0.2200750600986603,2.0298819038234734,2.148175185311029,61,64,1
1764953321527434500,3.0274345703125,0.0415016386896371,0.0406207642018794,0.0828868296590633,0.1012060226923301,2.039819015853832,2.158110143841034,61,65,1
1764953321537365800,3.03736572265625,0.2095417451024055,0.1211614508599042,0.0900023698858451,0.2582407146445094,2.049755150831732,2.1680441255303204,61,65,1
1764953321547296500,3.047296630859375,0.2073851515904068,0.1555132177948951,0.0477318200497888,0.2635740667333641,2.0596910415465177,2.177977863009428,62,65,1
1764953321557227500,3.0572275390625,0.1195943476736545,0.13761866466403,0.0091887115053366,0.1825544775636193,2.069626932261303,2.1879116004885346,62,66,1
1764953321567159600,3.06715966796875,0.0963327145516872,0.1224678572833538,-0.0150439494727179,0.1565397341770147,2.0795640442916614,2.197846559018539,62,66,1
1764953321577090600,3.077090576171875,0.1389849845811724,0.1310831254154443,-0.0311891016529873,0.193577818382247,2.089499935006447,2.2077802964976465,63,66,1
1764953321587021600,3.087021484375,0.1019441246926784,0.158228906494379,-0.0084570773291168,0.1884157996737905,2.0994358257212324,2.217714033976754,63,67,1
1764953321596953600,3.09695361328125,0.026139818906784,0.2142149976104498,0.0172709687392693,0.2164939761169287,2.10937293775159,2.2276489925067584,63,67,1
1764953321606884600,3.106884521484375,0.0997355087324976,0.2244008760601282,0.0485172987385187,0.2503135097344244,2.119308828466376,2.2375827299858657,64,67,1
1764953321616815600,3.116815673828125,0.2292719892278313,0.1245546004295349,0.0239297096758382,0.2620155043844119,2.1292449634442763,2.247516711675152,64,67,1
1764953321626746600,3.12674658203125,0.2388750993534922,0.0486930114984512,-0.0023471385148819,0.2437987520869151,2.1391808541590613,2.257450449154259,64,68,1
1764953321636678700,3.1366787109375,0.1938987702906131,0.0546983893930912,0.0101099773689871,0.2017197525400316,2.1491179661894195,2.267385407684264,64,68,1
1764953321646609700,3.146609619140625,0.1135220420226454,0.0679167674064636,0.0435767461969517,0.1392798410720248,2.1590538569042055,2.277319145163371,65,68,1
1764953321656540700,3.156540771484375,0.0130403910979628,0.0228811093717813,0.0678776409724727,0.0728077681985868,2.168989991882105,2.2872531268526575,65,69,1
1764953321666472700,3.16647265625,-0.0709425449684262,-0.0180488669097423,0.1130614570398814,0.1346903832918434,2.1789268596493487,2.297187841172483,65,69,1
1764953321676403500,3.176403564453125,-0.0940305750891566,-0.0567880551487207,0.1666706446904689,0.1996139675992344,2.1888627503641347,2.30712157865159,66,69,1
1764953321686334700,3.186334716796875,-0.0898050663486123,-0.1012888756543397,0.1531167054466437,0.204374929382332,2.1987988853420344,2.3170555603408767,66,70,1
1764953321696265700,3.196265625,-0.0600467646837234,-0.0935831235826015,0.1283790175558999,0.1698369427335436,2.208734776056819,2.326989297819983,66,70,1
1764953321706197500,3.206197509765625,-0.0190185887247324,-0.0460129786342382,0.123907763026515,0.1335366416310908,2.218671643824063,2.3369240121398085,67,70,1
1764953321716128500,3.21612841796875,0.02491641459167,-0.0074731123596429,0.0844226152584422,0.0883394198051967,2.228607534538849,2.346857749618916,67,70,1
1764953321726059800,3.226059814453125,0.0249824655652046,0.0380576357156038,0.0535692346661118,0.0703005698745834,2.2385439137798637,2.356791975518382,67,71,1
1764953321735991800,3.23599169921875,-0.0087584759950637,0.0603641600698232,0.0262203413636656,0.0663931398859739,2.2484807815471073,2.366726689838207,67,71,1
1764953321745922600,3.245922607421875,-0.0192757783561944,0.072673606544733,0.016351771535119,0.0769440650849207,2.258416672261893,2.376660427317314,68,71,1
1764953321755853600,3.255853515625,-0.0239162976384162,0.0663648617893457,0.0260167633492732,0.0751874733464315,2.268352562976678,2.386594164796421,68,72,1
1764953321765784600,3.26578466796875,-0.0055985506594181,0.0316419234544038,0.0518909033574629,0.0610345880680288,2.278288697954578,2.3965281464857076,68,72,1
1764953321775716600,3.275716552734375,0.0646034050747752,0.018344050464034,0.0666741058350307,0.0946337176886937,2.288225565721822,2.406462860805533,69,72,1
1764953321785647600,3.285647705078125,0.13247136490345,0.0070370590299367,0.0371666005934355,0.1377662473860915,2.298161700699722,2.41639684249482,69,72,1
1764953321795578600,3.29557861328125,0.1549021001592278,0.0045867432683706,0.0454317446801811,0.1614922359503222,2.3080975914145077,2.4263305799739268,69,73,1
1764953321805510400,3.305510498046875,0.1744850447684526,-0.0001730184793472,0.0047524529408081,0.1745498398515384,2.318034459181751,2.4362652942937517,70,73,1
1764953321815442200,3.315442138671875,0.1178530569642782,0.0042471360504627,0.0148756345679517,0.1188640639733295,2.32797108268588,2.4461997644033975,70,73,1
1764953321825373200,3.325373291015625,0.0594657499253749,0.0393219565629959,0.023574306667177,0.0750875463506929,2.3379072176637803,2.456133746092684,70,74,1
1764953321835305200,3.33530517578125,0.039761809284985,0.0484054267287254,0.0046242462841444,0.0628129800925091,2.3478440854310243,2.46606846041251,70,74,1
1764953321845236000,3.345236083984375,0.0030465280890464,0.0604208586931228,0.0090362175074988,0.0611687397733065,2.35777997614581,2.4760021978916167,71,74,1
1764953321855167200,3.355167236328125,-0.0414127913624048,0.0435299296468496,0.013045930356183,0.061482276814901,2.3677161111237095,2.485936179580903,71,75,1
1764953321865098000,3.365097900390625,-0.0924324922427535,0.0092319387257099,0.0161849293515202,0.0942918143475649,2.3776517575753804,2.495869672849831,71,75,1
1764953321875030000,3.375030029296875,-0.0406523283839225,-0.0010989011526107,0.0367756422142032,0.054829437777936,2.3875888696057386,2.505804631379836,72,75,1
1764953321884961000,3.3849609375,0.0884594969585537,-0.0120522568434476,0.0908315781184472,0.127360571138278,2.397524760320524,2.5157383688589423,72,75,1
1764953321894892300,3.394892333984375,0.1667237631171941,-0.0233656780183315,0.0735414754204452,0.1837147699675519,2.407461139561539,2.525672594758409,72,76,1
1764953321904824000,3.404823974609375,0.2150552478268742,0.0136199445515871,-0.0112177559477975,0.2157778963563481,2.417397763065668,2.535607064868054,73,76,1
1764953321914755000,3.414755126953125,0.2639531342476606,0.0959615431517362,-0.0977438873907085,0.2973781134607481,2.427333898043568,2.545541046557341,73,76,1
1764953321924686000,3.42468603515625,0.1642170409932732,0.1630997274011373,-0.1654114018769934,0.2844814396438261,2.4372697887583534,2.5554747840364476,73,77,1
1764953321934617000,3.4346171875,-0.0112912093430757,0.1923141314476728,-0.1044327540374826,0.2191310490979205,2.447205923736253,2.565408765725734,73,77,1
1764953321944549000,3.444549072265625,-0.1107759581848979,0.0789414347678423,-0.1050370218072552,0.1718599400242114,2.457142791503497,2.57534348004556,74,77,1
1764953321954480000,3.454480224609375,-0.0373506564900279,0.0507587118566036,-0.1132312697819899,0.1295871861953162,2.4670789264813973,2.5852774617348464,74,78,1
1764953321964411100,3.4644111328125,0.1278355217963457,0.1090536644369363,-0.1052295304383616,0.198262140703529,2.4770148171961823,2.5952111992139533,74,78,1
1764953321974343200,3.47434326171875,0.2788403222560882,0.0944178208410739,-0.0597993109949864,0.3004040742129363,2.4869519292265414,2.6051461577439587,75,78,1
1764953321984274200,3.484274169921875,0.3112535223439335,-0.0459901822805404,0.0290126024306984,0.3159676931863519,2.4968878199413265,2.6150798952230656,75,78,1
1764953321994205000,3.494204833984375,0.1740788020551204,-0.091972765776515,0.0826093735577073,0.2135104858528599,2.506823466392998,2.6250133884919933,75,79,1
1764953322004136200,3.50413623046875,-0.0868733968108892,-0.0926578254312276,0.0794006315111182,0.1497895856575831,2.5167598456340112,2.634947614391459,76,79,1
1764953322014068200,3.514068115234375,-0.2863637034982442,-0.0776823746174573,-0.0076495591968705,0.2968117884507684,2.5266967134012557,2.6448823287112844,76,79,1
1764953322023999200,3.523999267578125,-0.2909647675529122,-0.0832768336236476,-0.051320811851928,0.3069679994798185,2.5366328483791554,2.654816310400571,76,80,1
1764953322033930000,3.533929931640625,-0.1326139882445335,-0.0396738387405872,-0.0748392601460218,0.1573575489696611,2.5465684948308267,2.6647498036694985,76,80,1
1764953322043862000,3.543862060546875,0.0694058369204402,0.0382318232387304,-0.0678950396318454,0.1043483536688247,2.556505606861185,2.6746847621995036,77,80,1
1764953322053793300,3.553793212890625,0.229938344182074,0.1074193412333726,-0.0961690575557295,0.2714019982007555,2.5664417418390846,2.68461874388879,77,81,1
1764953322063724000,3.56372412109375,0.2785428006142377,0.1371954708158969,-0.125495260546822,0.3348996109375663,2.5763776325538696,2.6945524813678965,77,81,1
1764953322073655000,3.573655029296875,0.2871989852786064,0.086670567715168,-0.1416752283121459,0.3317633415108266,2.5863135232686556,2.704486218847004,78,81,1
1764953322083587000,3.583587158203125,0.1918833388149738,-0.0028209026396274,-0.1476405847236514,0.2421258256857908,2.596250635299014,2.714421177377009,78,81,1
1764953322093518000,3.59351806640625,0.0929214448034763,-0.0470130955874919,-0.1267113218056969,0.164013368768619,2.6061865260137993,2.7243549148561157,78,82,1
1764953322103449000,3.603448974609375,-0.0557531591430306,-0.0623562106698751,-0.1253579161690548,0.1507027501732523,2.616122416728585,2.7342886523352226,78,82,1
1764953322113381000,3.613381103515625,-0.1648196830615401,-0.0223199683576822,-0.0684282149267848,0.1798502974978376,2.626059528758943,2.7442236108652276,79,82,1
1764953322123311900,3.623311767578125,-0.1443631704881787,0.011398761370778,-0.0257438464257167,0.1470829778831588,2.6359951752106134,2.754157104134155,79,83,1
1764953322133243100,3.6332431640625,-0.018579028263688,-0.0251385329097509,-0.0105786451935069,0.0330005130597639,2.6459315544516286,2.764091330033621,79,83,1
1764953322143174100,3.643174072265625,0.0208978266000747,-0.0108931499361991,-0.0169859549525426,0.0290500006504149,2.655867445166414,2.7740250675127283,80,83,1
1764953322153106200,3.653106201171875,0.0302940159767866,0.0305278247326612,-0.0152303023576736,0.0456249668144103,2.6658045571967723,2.7839600260427333,80,84,1
1764953322163037200,3.663037109375,-0.0036705052062869,0.0325619609087705,-0.0353938073508092,0.0482335516573253,2.675740447911558,2.79389376352184,80,84,1
1764953322172968200,3.67296826171875,-0.0177338096112012,0.0058586629003286,0.0171189450988895,0.0253351576984397,2.6856765828894575,2.8038277452111267,81,84,1
1764953322182900200,3.682900146484375,-0.0145475807905197,-0.0154705408543348,0.04446512813773,0.0492759308535829,2.6956134506567015,2.8137624595309525,81,84,1
1764953322192831000,3.6928310546875,-0.0063104983210563,-0.0148947867929935,0.0628070140441414,0.0648567504259176,2.705549341371487,2.823696197010059,81,85,1
1764953322202762200,3.70276220703125,-0.0104492055609822,0.0279857390344142,0.0772715105279348,0.0828448780880673,2.7154854763493868,2.8336301786993454,81,85,1
1764953322212694300,3.7126943359375,-0.0035150223836302,0.0714724140614271,0.0658198453595629,0.0972260942200306,2.725422588379746,2.843565137229351,82,85,1
1764953322222625000,3.722625,0.0196790984600782,0.1096358482390642,0.0144568371920788,0.112322243019354,2.7353582348314163,2.8534986304982777,82,86,1
1764953322232556000,3.73255615234375,0.0222518715575337,0.0991758290231227,-0.0162965262250334,0.1029396309359998,2.745294369809316,2.863432612187564,82,86,1
1764953322242487300,3.7424873046875,0.0171849435567855,0.1095060843795538,-0.042213526985771,0.1186123377299776,2.7552305047872157,2.8733665938768507,83,86,1
1764953322252419000,3.752419189453125,0.0303021992832422,0.1048135426491498,-0.0419756128769367,0.1169018993877384,2.76516737255446,2.8833013081966765,83,86,1
1764953322262350000,3.76235009765625,0.0132984575122594,0.0680418550908565,-0.0361019784530508,0.0781658228680222,2.775103263269245,2.8932350456757834,83,87,1
1764953322272281000,3.772281005859375,0.0142371996670961,0.014832242950797,-0.0240845234949258,0.0316663473941953,2.785039153984031,2.9031687831548902,84,87,1
1764953322282213000,3.782213134765625,0.0233227156594395,-0.0244552268207073,-0.0097405743760813,0.035169389726853,2.7949762660143893,2.9131037416848953,84,87,1
1764953322292144000,3.79214404296875,0.0149491473287343,-0.0382931980371475,-0.0053765396559028,0.0414578484781819,2.8049121567291744,2.9230374791640026,84,88,1
1764953322302075100,3.8020751953125,-0.0047273207828402,-0.0546077885001897,0.0144362282288901,0.0566812386256857,2.8148482917070745,2.932971460853289,84,88,1
1764953322312006000,3.812005859375,0.0030804303586483,-0.0430757561385631,0.0245260635672137,0.0496642488336071,2.8247839381587454,2.9429049541222163,85,88,1
1764953322321938000,3.82193798828125,0.0321036957472562,-0.0121294137328863,0.0223125362531864,0.0409343282855073,2.8347210501891036,2.9528399126522213,85,89,1
1764953322331869200,3.831869140625,0.0517765105970203,0.0245049111813306,0.0311560578999109,0.0652073436467922,2.8446571851670037,2.962773894341508,85,89,1
1764953322341800200,3.84180029296875,0.086653616580367,0.0459510193139314,0.0354144779627909,0.1042810178883173,2.854593320144904,2.9727078760307943,86,89,1
1764953322351732000,3.85173193359375,0.097394206303358,0.0810468826144933,0.041351786456746,0.133282402612471,2.864529943649033,2.98264234614044,86,89,1
1764953322361663000,3.8616630859375,0.1120073996759951,0.0908855550616979,0.026494783524028,0.1466554303632707,2.874466078626933,2.9925763278297266,86,90,1
1764953322371594200,3.87159423828125,0.1460347569622099,0.1232517011374235,0.0112801057104603,0.19142719989364,2.884402213604833,3.002510309519013,87,90,1
1764953322381525000,3.88152490234375,0.1131011862620711,0.106042207661271,0.0513443342914106,0.1633189174694467,2.8943378600565035,3.0124438027879403,87,90,1
1764953322391457000,3.89145703125,0.0066232175320386,0.0545727171868085,0.0355681090383674,0.0654762464730017,2.904274972086862,3.022378761317946,87,91,1
1764953322401388300,3.90138818359375,-0.0864879046246409,0.0345738852530717,0.0265564323170809,0.0968542992606174,2.9142111070647623,3.032312743007232,87,91,1
1764953322411319000,3.911319091796875,-0.0728892951220274,0.0068669631600379,0.0353360972306458,0.0812935685889171,2.924146997779548,3.042246480486339,88,91,1
1764953322421251000,3.9212509765625,0.091357264226675,0.0229950911402702,0.1319519350060727,0.1621303089967408,2.9340838655467913,3.052181194806165,88,92,1
1764953322431182000,3.93118212890625,0.2328573003686964,0.074864979109168,0.1604550946438685,0.2925288444396317,2.9440200005246915,3.062115176495451,88,92,1
1764953322441113000,3.941113037109375,0.2000268977820873,0.0784960290879011,0.0684815936484141,0.2255263068635691,2.953955891239477,3.072048913974558,89,92,1
1764953322451044000,3.951044189453125,0.1083208201177418,0.0937988121598959,-0.0069787198637553,0.1434584252127576,2.963892026217377,3.0819828956638444,89,92,1
1764953322460976000,3.96097607421875,0.012951397640258,0.107245153710246,-0.0536102973288623,0.1205957116769057,2.9738288939846207,3.0919176099836703,89,93,1
1764953322470907100,3.9709072265625,-0.102821492049098,0.0745855776458978,-0.046993870297214,0.1354388846140071,2.9837650289625204,3.1018515916729568,90,93,1
1764953322480838100,3.980838134765625,-0.1648997625604271,-0.051496378481388,-0.0909006795655936,0.1952094829527252,2.9937009196773063,3.1117853291520636,90,93,1
1764953322490770200,3.990770263671875,-0.110697339990735,-0.0722866530537605,-0.0902192183737643,0.1600586412997189,3.0036380317076645,3.1217202876820687,90,94,1
1764953322500701200,4.000701171875,-0.0030056115567684,0.0280967981934547,-0.0366566965762292,0.0462836598967241,3.0135739224224496,3.1316540251611755,90,94,1
1764953322510632000,4.0106318359375,0.0941759749092161,0.0219517195671796,0.0091051762491057,0.0971282475729109,3.02350956887412,3.1415875184301028,91,94,1
1764953322520563200,4.020563232421875,0.1312720721162855,-0.1083095680713653,0.0627790848575998,0.1813960665203815,3.033445948115135,3.1515217443295684,91,95,1
1764953322530495200,4.0304951171875,0.06433335596174,-0.1241454351067543,0.1332267589811701,0.1931326980492222,3.043382815882379,3.1614564586493943,91,95,1
1764953322540426000,4.040426025390625,-0.088984982137382,-0.05660276170969,0.1404739810299128,0.1756563093815489,3.053318706597164,3.171390196128501,92,95,1
1764953322550357000,4.05035693359375,-0.2444736500129103,-0.0461444960594177,0.0591028348971158,0.2557143428908286,3.0632545973119494,3.181323933607608,92,95,1
1764953322560289000,4.0602890625,-0.2750073199644685,-0.0471083726555109,0.0015381556529784,0.2790171871607604,3.073191709342308,3.191258892137613,92,96,1
1764953322570220300,4.07022021484375,-0.1978790720984339,-0.0335030411511659,-0.0129287770997849,0.2011112483632127,3.083127844320208,3.2011928738268995,92,96,1
1764953322580151000,4.080151123046875,-0.0390108447872102,-0.0158171623349189,-0.0200798430143855,0.0466393474528037,3.093063735034993,3.211126611306007,93,96,1
1764953322590083000,4.0900830078125,0.120291828418523,0.0345446591585874,0.01782664241874,0.1264169555106433,3.103000602802237,3.221061325625832,93,97,1
1764953322600014300,4.100014404296875,0.2525461895704269,0.053070495930314,0.0185363204914785,0.25872698077741,3.112936982043252,3.2309955515252984,93,97,1
1764953322609945000,4.109945068359375,0.3154705555170774,0.034385084682703,-0.0010487715507042,0.3173406771415471,3.1228726284949224,3.2409290447942256,94,97,1
1764953322619876000,4.1198759765625,0.2833686133354902,0.0098544545382261,-0.0075174184338946,0.2836395474503419,3.132808519209708,3.250862782273332,94,98,1
1764953322629808000,4.12980810546875,0.1787351034283638,-0.0020955109745264,-0.0220326050669536,0.1801001500549864,3.1427456312400666,3.260797740803338,94,98,1
1764953322639739100,4.1397392578125,0.0730991384804248,-0.0324427184432744,-0.0478942212369991,0.093219474652395,3.1526817662179667,3.2707317224926244,95,98,1
1764953322649670100,4.149670166015625,-0.0202459385626018,-0.0262695827662944,-0.0590562010101042,0.0677320004483971,3.162617656932752,3.280665459971731,95,98,1
1764953322659602200,4.159602294921875,-0.0136053315043449,0.0826291833698749,-0.0420337088728789,0.0936990910912452,3.1725547689631104,3.290600418501737,95,99,1
1764953322669533000,4.169532958984375,0.0466410474047064,0.1832937896460294,-0.0659217759306542,0.2002939868484881,3.182490415414781,3.300533911770663,95,99,1
1764953322679464200,4.179464111328125,0.0415396326124668,0.1574210972428321,-0.097796055969363,0.1899236991475226,3.192426550392681,3.3104678934599496,96,99,1
1764953322689395200,4.189395263671875,0.0232329915493726,0.1046463693886995,-0.1048767075458541,0.1499658571416439,3.202362685370581,3.320401875149236,96,100,1
1764953322699327200,4.1993271484375,0.0421747156456112,0.0181774617254734,-0.0576072443108074,0.0736730707358819,3.212299553137825,3.330336589469062,96,100,1
1764953322709258000,4.209258056640625,0.1003337668865919,-0.0408686014831066,-0.0106868685080669,0.1088637521094448,3.22223544385261,3.3402703269481684,97,100,1
1764953322719189200,4.219189208984375,0.1117141158178448,-0.0644084670245647,0.042520670405915,0.1357810800855028,3.2321715788305103,3.350204308637455,97,101,1
1764953322729121300,4.229121337890625,0.0233951963737607,-0.0617822101742029,0.052528269679239,0.0844013970433609,3.242108690860869,3.360139267167461,97,101,1
1764953322739052000,4.239052001953125,-0.1135208729788661,-0.026835399955511,0.0479638935063034,0.1261255817546151,3.2520443373125394,3.370072760436388,98,101,1
1764953322748983000,4.248983154296875,-0.2262874204590916,0.0286748903423547,0.0380726734545314,0.2312526204352096,3.2619804722904395,3.3800067421256745,98,101,1
1764953322758914000,4.2589140625,-0.2653177005991339,0.0756552527040243,0.0449659446661826,0.2795337827394815,3.2719163630052246,3.389940479604781,98,102,1
1764953322768846000,4.26884619140625,-0.2166349182337522,0.0841951175123453,0.0496630255743861,0.2376676707511231,3.2818534750355832,3.399875438134787,98,102,1
1764953322778777000,4.278777099609375,-0.098130996145308,0.0746264941781759,0.0490716994845774,0.1326907597690979,3.2917893657503687,3.4098091756138933,99,102,1
1764953322788708000,4.2887080078125,0.0309364055335521,0.0552197829186916,0.0420737120897043,0.0760031766568421,3.301725256465154,3.4197429130929997,99,103,1
1764953322798640000,4.29864013671875,0.0952022492170333,0.0201706813693046,0.0609152363476343,0.1148084956010324,3.3116623684955124,3.4296778716230056,99,103,1
1764953322808570600,4.308570556640625,0.1138712938517332,0.0086024086505174,0.0437108163388213,0.1222755431926778,3.3215977706840683,3.439611120681753,100,103,1
1764953322818501600,4.318501708984375,0.1002916813105344,0.0095920042097568,0.0285438250083243,0.1047147450503491,3.3315339056619684,3.4495451023710393,100,103,1
1764953322828433700,4.32843359375,0.0467635047405958,0.0172141696512699,-0.0031003805930668,0.0499276013065748,3.3414707734292124,3.459479816690865,100,104,1
1764953322838365000,4.338364990234375,-0.0152498838409781,0.0439560461044311,-0.0006858964799961,0.0465313163394231,3.351407152670227,3.469414042590331,101,104,1
1764953322848295700,4.348295654296875,-0.055558513353765,0.04763210426867,-0.0061541124577459,0.0734400358339,3.3613427991218976,3.479347535859258,101,104,1
1764953322858226700,4.358226806640625,-0.0504378093391656,0.069171151381731,-0.004896111753286,0.0857472606251012,3.3712789340997977,3.4892815175485445,101,105,1
1764953322868158700,4.36815869140625,0.0113715811029076,0.0664250675439834,-0.0100861809348687,0.0681420098093215,3.3812158018670417,3.4992162318683704,101,105,1
1764953322878089700,4.37808984375,0.0684954440772533,0.0870160201519727,-0.0069786936059361,0.1109599738053059,3.3911519368449414,3.509150213557657,102,105,1
1764953322888020700,4.388020751953125,0.0989990111514926,0.0817348648786544,-0.0218491017262102,0.1302258637596523,3.401087827559727,3.5190839510367633,102,106,1
1764953322897952800,4.397952880859375,0.1289496205180883,0.083063483133912,-0.0247615939227165,0.1553727241046194,3.4110249395900856,3.5290189095667692,102,106,1
1764953322907883500,4.407883544921875,0.0845540139526128,0.050828854483366,-0.0065840225993888,0.098875189391369,3.420960586041756,3.5389524028356956,103,106,1
1764953322917814800,4.417814697265625,-0.0406441450774669,0.0085205755859613,0.0026121518348401,0.0416097353344444,3.430896721019656,3.548886384524982,103,106,1
1764953322927745800,4.427745849609375,-0.120313309597969,-0.010996025788784,0.0158041293234098,0.1218440624455513,3.440832855997556,3.558820366214269,103,107,1
1764953322937677600,4.437677490234375,-0.0347603477358818,0.0229056592911481,0.0949149019093252,0.1036426051715143,3.450769479501685,3.568754836323915,104,107,1
1764953322947608800,4.44760888671875,0.1878159432455897,0.0888707081079483,0.1774275096948258,0.2732276568968563,3.4607058587427,3.578689062223381,104,107,1
1764953322957539800,4.457539794921875,0.2487853757321834,0.1274766253560781,0.1701701955103315,0.327264951729332,3.470641749457485,3.588622799702488,104,108,1
1764953322967471900,4.467471923828125,0.1090372978240251,0.1249818859308957,0.0917527024182025,0.1895472567162389,3.480578861487844,3.5985577582324932,104,108,1
1764953322977402600,4.477402587890625,0.0040457682594656,0.1637491312205791,0.0034957811103318,0.1638364022489357,3.4905145079395146,3.608491251501421,105,108,1
1764953322987334000,4.487333984375,-0.0529079988449811,0.1611351493299007,-0.0458443075364455,0.1756857798025956,3.500450887180529,3.618425477400887,105,109,1
1764953322997264600,4.4972646484375,-0.0679828183799982,0.0627636224269866,-0.094314387866063,0.1321216850240539,3.5103865336322,3.6283589706698134,105,109,1
1764953323007196700,4.50719677734375,-0.0819648742422461,-0.0877384892076253,-0.1308054957841523,0.1775566411749267,3.5203236456625584,3.6382939291998193,106,109,1
1764953323017127700,4.517127685546875,-0.038450726686418,-0.0653524698764085,-0.0890445485712029,0.1169544156152721,3.5302595363773435,3.6482276666789257,106,109,1
1764953323027059000,4.527058837890625,0.0284285143658518,-0.0017407061874866,-0.0404509057939983,0.0494720756248969,3.5401956713552436,3.658161648368212,106,110,1
1764953323036990700,4.53699072265625,0.076757953248918,-0.0182902744501829,0.0230380740487598,0.0822014013402584,3.5501325391224876,3.668096362688038,107,110,1
1764953323046921700,4.546921630859375,0.090613167861104,-0.0355091202765703,0.1135265720672905,0.1495323589661791,3.5600684298372727,3.678030100167145,107,110,1
1764953323056852700,4.556852783203125,0.0033031331986188,-0.0439841031551361,0.1433018066006712,0.1499363858251413,3.570004564815173,3.687964081856431,107,111,1
1764953323066783700,4.56678369140625,-0.0943868411809206,-0.0463373882830142,0.1238577681386377,0.1624708468288624,3.579940455529958,3.6978978193355383,107,111,1
1764953323076715800,4.5767158203125,-0.1577238795816898,-0.0139788409918546,0.0874474795049522,0.1808847474430721,3.589877567560317,3.7078327778655433,108,111,1
1764953323086646800,4.586646728515625,-0.1947211925894021,0.0281073195874691,0.0668606824822723,0.2077900746422369,3.599813458275102,3.71776651534465,108,112,1
1764953323096577500,4.59657763671875,-0.1603361079066991,0.0400654684066772,0.0144520571273285,0.1658968692065244,3.609749348989887,3.727700252823757,108,112,1
1764953323106509600,4.606509521484375,-0.0330225641578435,0.0709206253975629,0.0109338290064595,0.0789922367519924,3.619686216757131,3.737634967143583,109,112,1
1764953323116440800,4.61644091796875,0.1204217384085059,0.1218161153763532,-0.0118959771530586,0.1717034516809074,3.629622595998146,3.7475691930430486,109,112,1
1764953323126371600,4.62637158203125,0.2391036474123597,0.132180273002386,-0.0382348348964354,0.2758696818725047,3.639558242449816,3.757502686311976,109,113,1
1764953323136302600,4.636302490234375,0.2611705177918076,0.1041851816177368,-0.0357661980268894,0.2834498409836569,3.649494133164602,3.7674364237910822,109,113,1
1764953323146234600,4.646234619140625,0.1640118738099932,0.047600540086627,-0.04200013539684,0.1758684665895413,3.65943124519496,3.777371382321088,110,113,1
1764953323156166000,4.656165771484375,0.0592763648331165,0.0032312370061874,-0.0565751156509388,0.0820053170918568,3.669367380172861,3.787305364010374,110,114,1
1764953323166096600,4.6660966796875,-0.022585049034655,-0.0302986921519041,-0.0674607581341173,0.0773243110156404,3.6793032708876456,3.797239101489481,110,114,1
1764953323176028700,4.676028564453125,-0.0659150721952319,-0.0108621702760457,-0.0046853653542348,0.0669681725457034,3.6892401386548896,3.807173815809307,111,114,1
1764953323185960000,4.6859599609375,-0.011382102496922,0.0483481435835361,0.0227492015042458,0.0546316887374483,3.699176517895904,3.8171080417087735,111,115,1
1764953323195890700,4.695890625,0.0010933481946587,0.0445090038120746,0.0223611725843278,0.0498223731867935,3.709112164347575,3.8270415349777007,111,115,1
1764953323205821700,4.70582177734375,-0.0078211951449513,0.0379839859575033,-0.0067220976295182,0.0393591270133877,3.719048299325475,3.836975516666987,112,115,1
1764953323215753700,4.715753662109375,-0.0001399929925799,0.0519984827846288,-0.0049679451552801,0.0522354505006626,3.728985167092719,3.846910230986812,112,115,1
1764953323225684700,4.725684814453125,0.040324996125698,0.0573421819001436,0.0280022974435705,0.0754874810794803,3.7389213020706182,3.8568442126760982,112,116,1
1764953323235615700,4.73561572265625,0.0428004463285207,0.0701245065838098,0.0423368245718767,0.0924214874602937,3.748857192785404,3.866777950155206,112,116,1
1764953323245547800,4.7455478515625,0.0463949636891484,0.0699602559328079,0.0556727828166214,0.1007292847807829,3.758794304815763,3.876712908685211,113,116,1
1764953323255478500,4.755478515625,-0.0060384033814072,0.0544417842835187,0.0483296854782383,0.0730488103242976,3.7687299512674337,3.8866464019541382,113,117,1
1764953323265409800,4.765409912109375,-0.0530614358410239,0.0390957465916872,0.0201687908063177,0.068925855073851,3.778666330508448,3.896580627853605,113,117,1
1764953323275340800,4.7753408203125,-0.0873912832051515,0.0343617038071155,0.0095984385171206,0.0943932894370032,3.788602221223233,3.9065143653327112,114,117,1
1764953323285272800,4.78527294921875,-0.0904182298108935,0.0153133044660091,0.0109056669244775,0.0923519742445817,3.798539333253592,3.916449323862716,114,117,1
1764953323295203600,4.79520361328125,-0.0663093322098255,0.0203723414212465,0.014330047316011,0.0708329731775813,3.8084749797052626,3.926382817131643,114,118,1
1764953323305134800,4.805134765625,-0.0116880997061729,0.0291360781133174,0.010322396276961,0.0330465518241372,3.8184111146831623,3.93631679882093,115,118,1
1764953323315067000,4.81506689453125,0.0224476863905787,0.0320972660064697,0.0153777845369651,0.0420786093715699,3.828348226713522,3.946251757350936,115,118,1
1764953323324997600,4.82499755859375,0.0813876588761806,0.0481570049256086,-0.0010709308668738,0.0945737544653497,3.838283873165192,3.9561852506198623,115,119,1
1764953323334928600,4.8349287109375,0.1066647234737873,0.0222357972055673,-0.0058585441693197,0.1091151522516029,3.848220008143091,3.9661192323091488,115,119,1
1764953323344860000,4.84485986328125,0.0929278745442628,0.0335246684610843,-0.0049894240514375,0.0989160634836674,3.858156143120992,3.9760532139984353,116,119,1
1764953323354791700,4.854791748046875,0.0254112123712897,0.0331312852293252,0.0174373017495032,0.0452489918940623,3.868093010888235,3.985987928318261,116,120,1
1764953323364722700,4.86472265625,-0.0395320921823382,0.0235030406624078,0.0481486069900216,0.0665842893464459,3.8780289016030207,3.995921665797368,116,120,1
1764953323374653700,4.87465380859375,-0.0417602896258234,0.0163853176116943,0.0409484206870896,0.060738567480931,3.887965036580921,4.005855647486655,117,120,1
1764953323384585700,4.884585693359375,-0.0096633158802986,0.0172521635740995,0.0316482207644497,0.0373179139200634,3.897901904348165,4.01579036180648,117,120,1
1764953323394516700,4.894516845703125,0.0649096945449709,0.0166460143744945,0.0438931871684035,0.0801059930359633,3.907838039326065,4.025724343495766,117,121,1
1764953323404447700,4.90444775390625,0.1160509759783744,0.0418172805100679,0.0437997504310216,0.1309004664338928,3.91777393004085,4.035658080974874,118,121,1
1764953323414378800,4.914378662109375,0.1206204758509993,0.0537485413223505,0.0459920545772183,0.1398337368914803,3.927709820755635,4.04559181845398,118,121,1
1764953323424310800,4.924310791015625,0.0673179247304797,0.0584404985308647,0.0440420484540285,0.0994318705978195,3.937646932785994,4.055526776983986,118,122,1
1764953323434241800,4.93424169921875,-0.0270008196502923,0.0369955594420433,0.0242039783062646,0.051802975262696,3.9475828235007793,4.065460514463092,118,122,1
1764953323444172500,4.944172607421875,-0.0978770213842391,0.0280944601058959,0.0134492413269123,0.1027136412360213,3.957518714215565,4.075394251942199,119,122,1
1764953323454104600,4.9541044921875,-0.0100341950193047,0.047660161319375,0.0465387606405885,0.0673649188275045,3.967455581982809,4.085328966262025,119,123,1
1764953323464035800,4.964035888671875,0.2298185171946883,0.1183709433585405,0.1134230386275798,0.282299516061699,3.977391961223823,4.095263192161491,119,123,1
1764953323473966800,4.973966796875,0.3318374606892466,0.149357033252716,0.131660760906618,0.3869860199816652,3.9873278519386086,4.105196929640598,120,123,1
1764953323483898600,4.983898681640625,0.1915747112572193,0.1604308004528284,0.050402920688875,0.2549105061412558,3.9972647197058526,4.1151316439604235,120,123,1
1764953323493829600,4.99382958984375,0.0321706235036253,0.1947229461550712,-0.0219322613814612,0.1985774379561472,4.007200610420638,4.12506538143953,120,124,1
1764953323503761000,5.003760986328125,-0.0283452199965715,0.2048649854630231,-0.0657878153866389,0.2170279945508532,4.017136989661653,4.1349996073389965,121,124,1
1764953323513691600,5.013691650390625,-0.049079380467534,0.1310223351389169,-0.0828314462100155,0.1625936234099428,4.0270726361133224,4.144933100607924,121,124,1
1764953323523623700,5.023623779296875,-0.0754182290777564,-0.0026607436418533,-0.1201301350507885,0.1418669735395567,4.0370097481436815,4.154868059137929,121,125,1
1764953323533554700,5.0335546875,-0.0871171424388885,-0.0161100078016519,-0.1467056054284796,0.1713810477334749,4.0469456388584675,4.164801796617036,121,125,1
1764953323543485700,5.043485595703125,-0.0414537078946828,0.0054442368805408,-0.0397873364518862,0.0577155243878518,4.056881529573252,4.1747355340961425,122,125,1
1764953323553417700,5.053417724609375,-0.0103074590027332,-0.0071995561152696,0.0133402964931447,0.0183314164721374,4.066818641603611,4.1846704926261475,122,126,1
1764953323563348700,5.0633486328125,0.0290913621887564,-0.0539133764952421,0.0719625721985474,0.0945069908342566,4.076754532318397,4.194604230105255,122,126,1
1764953323573279700,5.07327978515625,0.0429056602686643,-0.1020218661040067,0.1290971026973798,0.1700453432802314,4.0866906672962955,4.204538211794541,123,126,1
1764953323583210800,5.083210693359375,-0.0042220016092062,-0.1263642802000045,0.1519104623288847,0.1976424680402187,4.096626558011081,4.214471949273648,123,126,1
1764953323593142800,5.093142822265625,-0.0372270301103591,-0.0992553240001201,0.1404785110745579,0.1759877358992128,4.1065636700414405,4.224406907803654,123,127,1
1764953323603073800,5.10307373046875,-0.1183490237876772,-0.0577747280985116,0.1013895778161473,0.166205466601101,4.116499560756226,4.23434064528276,123,127,1
1764953323613004800,5.1130048828125,-0.1453726397916674,-0.032389526951313,0.0400606095684692,0.1542307955472091,4.126435695734125,4.244274626972047,124,127,1
1764953323622936800,5.122936767578125,-0.1294230832487344,-0.0167851305842399,0.0251670237852958,0.1329114523754385,4.13637256350137,4.254209341291872,124,128,1
1764953323632867800,5.132867919921875,-0.0071831895023584,0.0254816472589969,-0.028589280718402,0.0389648499349648,4.146308698479269,4.264143322981159,124,128,1
1764953323642798600,5.142798583984375,0.123217214345932,0.0338940862953662,-0.0650479705044999,0.1433964067322587,4.15624434493094,4.274076816250086,125,128,1
1764953323652729900,5.152729736328125,0.228058521784842,0.0132698159396648,-0.0498547670205123,0.2338210323483099,4.16618047990884,4.284010797939373,125,129,1
1764953323662662000,5.162661865234375,0.2293020921051502,-0.0125274731397628,-0.0480264008158817,0.2346122805873426,4.176117591939199,4.293945756469378,125,129,1
1764953323672592600,5.172592529296875,0.1878597823873162,-0.0424929878145456,-0.0810101125343702,0.2089487740687852,4.186053238390869,4.303879249738305,126,129,1
1764953323682523600,5.182523681640625,0.0800730691462755,-0.0386585242182016,-0.0574888923278776,0.1058827211509026,4.19598937336877,4.313813231427591,126,129,1
1764953323692455700,5.19245556640625,0.0073635145053267,0.0425695601820945,-0.0075183123413939,0.0438510412696195,4.205926241136013,4.323747945747417,126,130,1
1764953323702387000,5.202386962890625,0.0012575988456606,0.075030983325839,0.0110197012086049,0.0758463171711446,4.2158626203770275,4.333682171646883,126,130,1
1764953323712317700,5.212317626953125,-0.0046074937954545,0.055644145810604,0.0074071184683241,0.0563237549003144,4.225798266828699,4.34361566491581,127,130,1
1764953323722248700,5.222248779296875,0.0045534255206584,0.0834691413253545,0.0237658791499445,0.0869059736113344,4.235734401806598,4.353549646605097,127,131,1
1764953323732180700,5.2321806640625,0.0248538707494735,0.106344405478239,0.0250351638668216,0.112042879727318,4.245671269573842,4.3634843609249225,127,131,1
1764953323742111700,5.24211181640625,0.0584328997462987,0.0953162309855222,0.0146149880375014,0.1127527628813712,4.255607404551743,4.373418342614209,128,131,1
1764953323752042800,5.252042724609375,0.0476432101845741,0.0582435146540403,0.0361940429339651,0.0834996480223277,4.265543295266527,4.3833520800933155,128,132,1
1764953323761974800,5.261974853515625,0.0181289464086294,0.0266010066777467,0.0516778816612903,0.0608841170351907,4.275480407296886,4.393287038623321,128,132,1
1764953323771905500,5.271905517578125,-0.0142301854044198,0.0344826998382806,0.0334041268043569,0.0500738499852235,4.285416053748557,4.403220531892248,129,132,1
1764953323781836800,5.2818369140625,-0.0560658783540129,0.0378448697477579,0.0416575690368656,0.0794416134018749,4.295352432989571,4.413154757791714,129,132,1
1764953323791767800,5.291767822265625,-0.0891071472123265,0.0361287134796381,0.0541952256439253,0.1103743181388179,4.305288323704357,4.423088495270821,129,133,1
1764953323801699600,5.301699462890625,-0.0897781783416867,0.0471831914573907,0.0539777469683438,0.114891131207918,4.3152249472084865,4.433022965380467,129,133,1
1764953323811630800,5.311630859375,-0.0628074615687131,0.032594694134593,0.0478449067691341,0.0854185367363558,4.325161326449501,4.442957191279933,130,133,1
1764953323821561900,5.321561767578125,-0.0107788759067654,0.0456038133114576,0.0309603275485453,0.056164346664703,4.335097217164286,4.45289092875904,130,134,1
1764953323831494000,5.331493896484375,0.068031625957787,0.0679331340193748,0.0110509388803737,0.0967746665108815,4.345034329194645,4.462825887289045,130,134,1
1764953323841425000,5.3414248046875,0.1227472587466239,0.0734188719540834,-0.0068615745988674,0.1431932313162761,4.35497021990943,4.472759624768152,131,134,1
1764953323851356000,5.35135595703125,0.1165957503795623,0.079217913621664,-0.0223089240905712,0.1427155735693252,4.36490635488733,4.482693606457438,131,134,1
1764953323861287000,5.361286865234375,0.0944727658987045,0.0702338121771812,-0.0212005176073871,0.1196133513296576,4.374842245602116,4.492627343936546,131,135,1
1764953323871219000,5.371218994140625,0.0295116334274411,0.0406949984818696,-0.0316706358089461,0.059414211949145,4.384779357632474,4.502562302466551,132,135,1
1764953323881149700,5.381149658203125,-0.0160737674444913,0.034905309164524,-0.0255265686795348,0.0461340689326402,4.394715004084144,4.512495795735478,132,135,1
1764953323891081000,5.3910810546875,-0.0245835293754935,0.029036124870181,-0.0119885051415651,0.0398894813147755,4.4046513833251595,4.5224300216349445,132,136,1
1764953323901013000,5.401012939453125,-0.0303203194618225,0.0408861371397972,0.0106313937274739,0.0520002357212911,4.414588251092403,4.532364735954769,132,136,1
1764953323910943700,5.41094384765625,0.0071814359366893,0.0293950213104486,0.0330869232145021,0.0448373146804852,4.424524141807188,4.542298473433877,133,136,1
1764953323920874800,5.420874755859375,0.0519984827846288,0.0392225878417491,0.0458859455879312,0.0796729164233721,4.434460032521974,4.552232210912983,133,137,1
1764953323930806000,5.430805908203125,0.0666717357814312,0.0465899017393589,0.0466322521768976,0.0937566330415179,4.444396167499873,4.56216619260227,133,137,1
1764953323940738000,5.440738037109375,0.0316465996295213,0.0329886618882417,0.0222659092160407,0.0508481051220683,4.454333279530232,4.5721011511322756,134,137,1
1764953323950668800,5.450668701171875,-0.0324094006955623,-0.007064531558752,-0.009786594058451,0.0345840177373165,4.464268925981903,4.582034644401202,134,137,1
1764953323960599800,5.460599853515625,-0.095876202955842,-0.0267155729681253,-0.051068257296388,0.111865700889661,4.474205060959802,4.591968626090488,134,138,1
1764953323970531800,5.47053173828125,-0.0966208838433027,-0.0735275930255651,-0.0927284338488709,0.1527758638491648,4.4841419287270465,4.601903340410314,135,138,1
1764953323980462800,5.480462890625,0.0679816493362188,-0.0327221199065446,-0.0279586409649346,0.080460719498753,4.494078063704947,4.611837322099601,135,138,1
1764953323990393900,5.490393798828125,0.3176180889397859,0.0344178179085254,0.0805717302502598,0.329480864887275,4.504013954419731,4.621771059578708,135,139,1
1764953324000324900,5.500324951171875,0.3079787384569645,0.0810205791294574,0.0518123399622272,0.3226449382159549,4.513950089397632,4.6317050412679945,135,139,1
1764953324010256600,5.510256591796875,0.062330199445784,0.1006160909593105,-0.0315886931465356,0.1225010083941738,4.523886712901762,4.64163951137764,136,139,1
1764953324020188000,5.52018798828125,-0.1485983238399028,0.1176420445621013,-0.0769834508341737,0.2045667719819562,4.533823092142776,4.651573737277106,136,140,1
1764953324030119000,5.530118896484375,-0.1937251672893762,0.1079880810320377,-0.1139813118311576,0.2493644030992201,4.543758982857561,4.661507474756213,136,140,1
1764953324040050700,5.54005078125,-0.1833683161869645,0.001695113480091,-0.1339553198508918,0.2270921410073622,4.5536958506248055,4.671442189076039,137,140,1
1764953324049982000,5.54998193359375,-0.1141866434112191,-0.0596557195395231,-0.1403724477510433,0.1905303610843125,4.563631985602705,4.681376170765326,137,140,1
1764953324059913000,5.559912841796875,-0.070649991762638,0.0125543611466884,-0.05302414973767,0.0892221596648789,4.57356787631749,4.691309908244432,137,141,1
1764953324069843700,5.56984375,0.0008808744877576,0.0472872363537549,0.0549906366382027,0.0725315709171799,4.583503767032276,4.701243645723539,138,141,1
1764953324079775700,5.579775634765625,0.0464326653510332,0.0240437234103679,0.1181011865064501,0.1291587523215775,4.593440634799519,4.711178360043364,138,141,1
1764953324089707000,5.58970703125,0.0301417480245232,-0.0548328294277191,0.1397218657546676,0.1530926645107091,4.603377014040534,4.721112585942831,138,142,1
1764953324099637800,5.5996376953125,0.0063537529408931,-0.1034551137775182,0.1803333324052393,0.2079986574945417,4.6133126604922055,4.731046079211759,138,142,1
1764953324109569800,5.60956982421875,0.0112692897722125,-0.0590051466763019,0.1429911058168392,0.1550969392637536,4.623249772522564,4.740981037741763,139,142,1
1764953324119500800,5.619500732421875,0.0142395377546548,0.0154611885040998,0.0888976874464191,0.0913488457439215,4.633185663237349,4.75091477522087,139,143,1
1764953324129432000,5.62943212890625,-0.0229541746079921,0.0764221454232931,0.0218556638977373,0.0827339621161951,4.643122042478364,4.760849001120336,139,143,1
1764953324139362800,5.63936279296875,-0.0627040011942386,0.097588267570734,-0.017574568495457,0.1173206170757116,4.653057688930035,4.770782494389264,140,143,1
1764953324149294800,5.649294921875,-0.0465983773067593,0.0965852280080318,-0.0242964903117506,0.1099565117601299,4.6629948009603925,4.780717452919268,140,143,1
1764953324159225900,5.659225830078125,0.0361459568753838,0.1208656827837228,-0.0366886557672056,0.1313815091069406,4.6729306916751785,4.790651190398376,140,144,1
1764953324169156900,5.669156982421875,0.1614154275760054,0.1257850190073251,-0.0416355261684162,0.2088308605200358,4.682866826653077,4.800585172087662,140,144,1
1764953324179089000,5.6790888671875,0.2394678045496344,0.0869324335217475,-0.0083810346845304,0.2548966832977986,4.692803694420322,4.810519886407487,141,144,1
1764953324189020000,5.68902001953125,0.2699199336975812,0.0313788886040449,-0.0340179775365162,0.2738587739200747,4.702739829398222,4.820453868096774,141,145,1
1764953324198950700,5.69895068359375,0.1736620379477739,0.0057540334820747,-0.0802016182962339,0.1913737492521419,4.712675475849892,4.830387361365701,141,145,1
1764953324208882000,5.7088818359375,0.0563034865021705,0.0061719666332006,-0.0480575540059711,0.0742812510762861,4.722611610827793,4.840321343054988,142,145,1
1764953324218814000,5.71881396484375,-0.0630000615313649,-0.0083306059718132,-0.0122595178024028,0.064720186383854,4.7325487228581515,4.850256301584993,142,146,1
1764953324228744700,5.72874462890625,-0.1278136022254824,-0.0517956536889076,-0.0250519003724912,0.1401667020628948,4.742484369309821,4.86018979485392,142,146,1
1764953324238675700,5.73867578125,-0.1718719396606087,-0.0390647669315338,-0.0461952535656979,0.1822087295112781,4.752420504287723,4.870123776543207,143,146,1
1764953324248608000,5.74860791015625,-0.1651648432374,-0.0039566286712884,-0.0284683166532777,0.1676470262341347,4.762357616318081,4.880058735073212,143,146,1
1764953324258539000,5.7585390625,-0.0746942987173795,0.0192032976418733,0.0171237240219954,0.0790014355919242,4.77229375129598,4.889992716762499,143,147,1
1764953324268469800,5.7684697265625,0.0343143575340509,0.0322580095261335,0.025470422612084,0.0535424760316606,4.782229397747651,4.899926210031426,143,147,1
1764953324278401000,5.778401123046875,0.146119366505742,0.0439613068014383,0.0283927717656129,0.1552082963383843,4.792165776988665,4.9098604359308915,144,147,1
1764953324288333000,5.7883330078125,0.1651259725317359,0.0481710334509611,0.0341836438264697,0.1753726226454407,4.80210264475591,4.919795150250717,144,148,1
1764953324298263800,5.798263916015625,0.1602849622413516,0.048422962385416,0.0363421279014553,0.1713382697102333,4.812038535470695,4.929728887729824,144,148,1
1764953324308194800,5.80819482421875,0.1207154606580734,0.0527601148068904,0.0150850669343955,0.1326024562394766,4.821974426185481,4.939662625208932,145,148,1
1764953324318126800,5.818126953125,0.0596919598966836,0.0789595549464225,0.0130272256557131,0.0998371173558675,4.831911538215839,4.949597583738936,145,148,1
1764953324328057900,5.828057861328125,0.0318742709055542,0.0977443349152803,-0.0106978922255802,0.1033652216747067,4.841847428930624,4.959531321218043,145,149,1
1764953324337988900,5.83798876953125,-0.0024731121152639,0.0998404304116964,-0.0315149086744058,0.1047254376791216,4.851783319645409,4.96946505869715,146,149,1
1764953324347920000,5.847919921875,-0.017462006932497,0.0929191067159175,-0.0542934938200516,0.1090259856648066,4.8617194546233105,4.979399040386437,146,149,1
1764953324357851600,5.8578515625,-0.0091857614964246,0.083561495783925,-0.0520808729716111,0.0988904399899262,4.8716560781274385,4.989333510496082,146,150,1
1764953324367783000,5.867782958984375,0.0066974518120288,0.0791688137829303,-0.0494074616444297,0.0935609651655888,4.881592457368454,4.999267736395549,146,150,1
1764953324377714000,5.8777138671875,0.0185834121778607,0.0674941580802202,-0.0313010969603667,0.0766848306645603,4.89152834808324,5.009201473874656,147,150,1
1764953324387646000,5.88764599609375,0.0492310638979077,0.0661935968756675,-0.0339284954550443,0.0891988381297716,4.901465460113597,5.019136432404661,147,151,1
1764953324397576700,5.89757666015625,0.0540215130448341,0.0346148017853498,-0.0217716731254244,0.0677533329436461,4.911401106565268,5.029069925673587,147,151,1
1764953324407508000,5.907508056640625,0.0437701681435108,0.0055605567365884,-0.0216593216250184,0.0491515373491818,4.921337485806282,5.039004151573054,148,151,1
1764953324417438700,5.917438720703125,0.0394900066062808,-0.0396931279629468,-0.0317668056428199,0.0643749560776212,4.931273132257953,5.048937644841982,148,151,1
1764953324427370800,5.927370849609375,0.0126823714405298,-0.0596767623275518,-0.0221281721126288,0.0648984938831464,4.941210244288312,5.058872603371986,148,152,1
1764953324437301800,5.9373017578125,0.0181570034593343,-0.0719528910547494,-0.0147281432555057,0.0756558887960059,4.951146135003096,5.0688063408510935,149,152,1
1764953324447233000,5.94723291015625,0.0041787469893693,-0.0495335539758205,0.0033771208834368,0.0498240889664631,4.961082269980998,5.078740322540381,149,152,1
1764953324457164800,5.957164794921875,-0.0467032989859581,-0.0020136779099702,0.0171236463901819,0.0497842575579157,4.971019137748241,5.088675036860206,149,153,1
1764953324467095800,5.967095703125,-0.1248068216249346,0.0190571671694517,0.0249398137335665,0.1286930948175063,4.9809550284630255,5.098608774339312,149,153,1
1764953324477026800,5.97702685546875,-0.20468436819911,0.0432780007123947,0.0328453809600323,0.2117722715115001,4.990891163440926,5.108542756028599,150,153,1
1764953324486957800,5.986957763671875,-0.1972922121211886,0.0503992308944463,0.0119873977465787,0.203980384211714,5.000827054155712,5.118476493507706,150,154,1
1764953324496889900,5.996889892578125,0.0289303264081478,0.0669289254128932,0.0520757173058809,0.089600921735932,5.010764166186069,5.128411452037711,150,154,1
1764953324506820900,6.00682080078125,0.3244675164431333,0.1087730939298868,0.1169111547379754,0.3616337557419409,5.020700056900855,5.1383451895168175,151,154,1
1764953324516752000,6.016751953125,0.4045826711654663,0.1328922206640243,0.093347963119857,0.4359602302263656,5.030636191878756,5.148279171206105,151,154,1
1764953324526684000,6.026683837890625,0.2126017171949148,0.1279851594001054,0.0037818703260039,0.2481813726371494,5.0405730596459986,5.15821388552593,151,155,1
1764953324536615000,6.036614990234375,-0.0007516951501369,0.0801683462142944,-0.079538140285667,0.1129329205344312,5.050509194623899,5.168147867215216,152,155,1
1764953324546545700,6.046545654296875,-0.1259849254935979,0.0287181449621915,-0.1270070716155693,0.1811842419805298,5.0604448410755705,5.1780813604841445,152,155,1
1764953324556477000,6.056476806640625,-0.1259539458334445,-0.0399988329112529,-0.1512974449970759,0.2008860870441748,5.070380976053471,5.188015342173431,152,156,1
1764953324566409000,6.066408935546875,-0.0588058247119188,-0.0798755007475614,-0.1639969685018062,0.1916591409703827,5.080318088083828,5.197950300703435,152,156,1
1764953324576340000,6.076340087890625,0.0063978843435645,0.027176760739088,-0.1035568936515599,0.1072545545471321,5.090254223061729,5.207884282392722,153,156,1
1764953324586270700,6.086270751953125,0.0710264238595962,0.0761672938793897,-0.0024583849035901,0.1041741484223726,5.1001898695133985,5.217817775661649,153,157,1
1764953324596202800,6.09620263671875,0.0621902064532041,0.0672697016745805,0.0287312784384004,0.0960120872743848,5.110126737280643,5.227752489981474,153,157,1
1764953324606134000,6.106134033203125,0.0269739316433668,0.0120130938768386,0.1066148929826915,0.1106283996924186,5.120063116521658,5.237686715880941,154,157,1
1764953324616064800,6.116064697265625,-0.003918342487514,-0.0566080224066972,0.1237008879433386,0.1360945674397659,5.129998762973328,5.247620209149868,154,157,1
1764953324625995800,6.125995849609375,-0.0068608256801962,-0.0638859044551849,0.1060294760438613,0.1239787461914614,5.139934897951228,5.257554190839154,154,158,1
1764953324635927800,6.135927734375,-0.002245440839231,-0.0466126980930566,0.0713375904343091,0.0852457473253074,5.149871765718471,5.267488905158979,154,158,1
1764953324645858800,6.14585888671875,-0.0448167545869946,-0.0254097510665655,0.0380376934726955,0.064039542984772,5.1598079006963715,5.2774228868482655,155,158,1
1764953324655789800,6.155789794921875,-0.1009483916535973,0.0198871882528066,-0.0206853026608237,0.1049474143570032,5.1697437914111575,5.287356624327374,155,159,1
1764953324665721900,6.165721923828125,-0.1064534188106656,0.0284662160277366,-0.0438482109489385,0.1185973078734899,5.1796809034415165,5.297291582857379,155,159,1
1764953324675652900,6.17565283203125,-0.0254319628983736,0.0571440289795398,-0.0598795320577686,0.0865897404103746,5.189616794156301,5.307225320336484,156,159,1
1764953324685584000,6.185583984375,0.032428689917922,0.067166241300106,-0.0625491987915942,0.0973412870761794,5.199552929134201,5.317159302025771,156,160,1
1764953324695515000,6.195514892578125,0.1329056646674871,0.0747182641148567,-0.0887298931314609,0.1764078474109484,5.209488819848987,5.327093039504879,156,160,1
1764953324705447000,6.205447021484375,0.1508814663410186,0.0348714068949222,-0.076871606223844,0.172888622377185,5.219425931879346,5.337027998034884,157,160,1
1764953324715378000,6.2153779296875,0.0924406755492091,0.0273988790571689,-0.0575378049369435,0.112279009910781,5.2293618225941305,5.3469617355139905,157,160,1
1764953324725309000,6.225308837890625,0.0616840104967355,0.0306803849458694,-0.0110786397380521,0.0697777860771868,5.2392977133089165,5.356895472993098,157,161,1
1764953324735241000,6.235240966796875,0.0591179594010114,-0.0053436991155147,0.0137702762750908,0.0609352833149162,5.2492348253392755,5.366830431523103,157,161,1
1764953324745171700,6.245171630859375,0.0358627560198307,-0.0339011005580425,0.035054828037275,0.0605331550235681,5.259170471790945,5.37676392479203,158,161,1
1764953324755103000,6.25510302734375,-0.0052314709126949,-0.0199397952228784,0.0237811086851172,0.0314722870432711,5.2691068510319585,5.386698150691496,158,162,1
1764953324765034000,6.265033935546875,-0.0111354342594742,-0.0034288054049015,0.0580893881048308,0.0592463637115849,5.2790427417467445,5.396631888170603,158,162,1
1764953324774965800,6.2749658203125,0.0270166017413139,-0.0088946695953607,0.027222846636828,0.0393712496102378,5.288979609513989,5.406566602490428,159,162,1
1764953324784896800,6.284896728515625,0.0460249613329768,0.0193915136903524,0.0498977385125588,0.0705982448618436,5.298915500228775,5.416500339969535,159,162,1
1764953324794828000,6.294828125,0.0463382650658488,0.0835474672585725,0.0408387771670008,0.1039000472335362,5.30885187946979,5.426434565869003,159,163,1
1764953324804760000,6.304760009765625,0.0343821620732545,0.1019552306085824,0.0106754931641044,0.1081247810244145,5.318788747237033,5.436369280188828,160,163,1
1764953324814691000,6.314691162109375,0.0094993574902415,0.1457768366783857,0.0084690919938962,0.1463313002193489,5.328724882214933,5.446303261878114,160,163,1
1764953324824622000,6.3246220703125,0.0144286305859684,0.1410620831161737,-0.0030728818064322,0.1418313762051857,5.3386607729297175,5.45623699935722,160,164,1
1764953324834553300,6.33455322265625,0.0130173024833202,0.1044885484784841,-0.0242434700664365,0.1080511581055241,5.34859690790762,5.466170981046508,160,164,1
1764953324844485000,6.344485107421875,0.001340893214941,0.0579991845041513,-0.0435567948208888,0.0725458322223231,5.3585337756748626,5.476105695366333,161,164,1
1764953324854416100,6.354416015625,0.0184697226703166,0.0113993458926677,-0.0505344837798271,0.0549982708200239,5.368469666389647,5.4860394328454385,161,165,1
1764953324864347100,6.36434716796875,0.0122127081021666,0.0020236147820949,-0.0514815919042099,0.0529490279511026,5.378405801367549,5.495973414534727,161,165,1
1764953324874278100,6.374278076171875,0.0218885912030935,-0.0051724342018365,-0.0169628115389728,0.0281709331711815,5.388341692082333,5.505907152013833,162,165,1
1764953324884210200,6.384210205078125,0.0082683543905615,-0.0002431611061096,-0.0202788316186284,0.0219010461729143,5.398278804112692,5.515842110543838,162,165,1
1764953324894141200,6.39414111328125,0.0070393971174955,0.0149117379277944,0.0073781732183415,0.018065173119704,5.4082146948274765,5.525775848022945,162,166,1
1764953324904072000,6.404072021484375,0.0366816711872816,0.0339016850799322,0.0113134303080383,0.0512138941859099,5.4181505855422625,5.535709585502052,163,166,1
1764953324914004000,6.41400390625,0.0520566427126526,0.0483563268899917,0.0128379775607725,0.0722013993538587,5.428087453309505,5.545644299821877,163,166,1
1764953324923935200,6.423935302734375,0.0514466941207647,0.0708475601613521,0.0155199694866314,0.0889213617171818,5.43802383255052,5.5555785257213435,163,167,1
1764953324933866200,6.4338662109375,0.0958142436355352,0.0684399144977331,0.0228848904977552,0.1199504455723319,5.447959723265306,5.565512263200452,163,167,1
1764953324943797000,6.443796875,0.0969286346182227,0.0543254644274711,-0.0006097796285292,0.111116102007804,5.457895369716978,5.575445756469379,164,167,1
1764953324953729300,6.453729248046875,0.0847790548801422,0.0593067599713802,0.00265015374918,0.103497841714537,5.46783272601045,5.585380959209563,164,168,1
1764953324963660300,6.463660400390625,0.0152580671474337,0.0247287830650806,0.0247179191777715,0.0381483532204767,5.47776886098835,5.59531494089885,164,168,1
1764953324973591000,6.473591064453125,-0.0791919023975729,0.0013642740905284,-0.00351859344705,0.0792817705969438,5.48770450744002,5.605248434167776,165,168,1
1764953324983523000,6.483523193359375,-0.1762929709732532,-0.0192354463458061,-0.0154814960731891,0.1780137374793385,5.497641619470379,5.615183392697782,165,168,1
1764953324993454300,6.493454345703125,-0.1061833696976304,-0.0198620538115501,0.0214826955496333,0.1101404348549378,5.507577754448279,5.625117374387068,165,169,1
1764953325003385000,6.503385009765625,0.114634387178719,0.0235053787499666,0.0707351766949053,0.136737013189843,5.517513400899949,5.635050867655996,166,169,1
1764953325013316000,6.513316162109375,0.3276943695351481,0.1132236435979604,0.1700035702391527,0.38614039828629,5.5274495358778495,5.644984849345282,166,169,1
1764953325023248100,6.523248046875,0.3524757595703006,0.1441325766026973,0.124898618961079,0.4007655495937463,5.537386403645092,5.654919563665106,166,170,1
1764953325033179100,6.53317919921875,0.1335237965658307,0.1089122101396322,0.0108630972912302,0.1726513268110369,5.547322538622993,5.664853545354393,166,170,1
1764953325043110100,6.543110107421875,-0.1646107164859771,0.0599275222182273,-0.0335455422857543,0.1783628305126608,5.557258429337779,5.674787282833501,167,170,1
1764953325053042200,6.553042236328125,-0.2994879734873771,-0.0104255324244499,-0.0927545638039708,0.3136959468918495,5.567195541368138,5.684722241363506,167,171,1
1764953325062973200,6.56297314453125,-0.2350263149708509,-0.059937459090352,-0.1308164647027384,0.2755772399315808,5.577131432082922,5.694655978842612,167,171,1
1764953325072904200,6.572904296875,-0.0775911892026662,-0.0770253720134496,-0.1550844161898829,0.1897484564381251,5.587067567060824,5.704589960531901,168,171,1
1764953325082835200,6.582835205078125,0.0896574745714664,0.0370353069305419,-0.0562443310603033,0.112131625701198,5.5970034577756085,5.714523698011006,168,171,1
1764953325092767200,6.592767333984375,0.152516374066472,0.1214063655316829,0.0457914128720061,0.2002438599378546,5.606940569805968,5.724458656541011,168,172,1
1764953325102698000,6.602697998046875,0.1178203237384557,0.0912292539328336,0.0776435039117932,0.168026543018288,5.616876216257637,5.734392149809938,169,172,1
1764953325112629200,6.612629150390625,0.0385126860067248,-0.0055009355038404,0.1150358075864613,0.1214360914305929,5.626812351235538,5.744326131499225,169,172,1
1764953325122561300,6.622561279296875,-0.0367217109367251,-0.0851724381119012,0.1106627253350801,0.1443920601924961,5.636749463265897,5.754261090029231,169,173,1
1764953325132492000,6.632491943359375,-0.0535109331741929,-0.0479079986006021,0.1005428704594727,0.1235615842376526,5.646685109717566,5.764194583298157,169,173,1
1764953325142423000,6.642423095703125,-0.0268909295350313,0.0455383468598127,0.0646431479966966,0.083520055728582,5.656621244695467,5.774128564987444,170,173,1
1764953325152354300,6.652354248046875,0.0211667066693305,0.1132861874401569,0.0106852610728703,0.1157409371836397,5.666557379673366,5.78406254667673,170,174,1
1764953325162286000,6.6622861328125,0.0433884753495454,0.1540256095856428,-0.0307165842038346,0.1629415746411523,5.67649424744061,5.793997260996555,170,174,1
1764953325172217000,6.672217041015625,0.0653781888395547,0.118944359332323,-0.0563909227570285,0.1469762033878491,5.686430138155396,5.803930998475663,171,174,1
1764953325182148000,6.682148193359375,0.0227238729834556,0.0532020133554935,-0.0738308091892628,0.0937966791202527,5.696366273133295,5.81386498016495,171,174,1
1764953325192080400,6.692080322265625,0.0180222711637616,0.0444587349295616,-0.0901443721724208,0.1021145885943682,5.706303385163654,5.823799938694955,171,175,1
1764953325202011100,6.70201123046875,0.0299149535313248,0.0238572609275579,-0.071107973796362,0.0807491008071979,5.716239275878438,5.83373367617406,171,175,1
1764953325211942100,6.711942138671875,-0.0448021415397524,0.0138286188662052,-0.039640936551406,0.0613992380813261,5.726175166593224,5.8436674136531686,172,175,1
1764953325221873200,6.721873046875,-0.1087216560035943,0.0052466684818267,-0.0054589184264419,0.1089849797206414,5.736111057308012,5.853601151132276,172,176,1
1764953325231805200,6.73180517578125,-0.0874298616498708,-0.024455811342597,-0.0086669435204006,0.0911985927880801,5.746048169338367,5.86353610966228,172,176,1
1764953325241736200,6.741736083984375,-0.0055465282112359,-0.0314969620257616,-0.0214512546651763,0.0385094653138751,5.755984060053153,5.873469847141387,173,176,1
1764953325251667200,6.751667236328125,0.068188277824223,0.0113069914340972,-0.0216347032069927,0.0724261670308379,5.765920195031054,5.883403828830674,173,177,1
1764953325261599000,6.761598876953125,0.1209384557589888,0.0651449646055698,0.0121573383528506,0.1379049577450191,5.775856818535184,5.89333829894032,173,177,1
1764953325271530200,6.7715302734375,0.1420122234478592,0.0694739337205886,0.0143362669942434,0.1587439057934119,5.785793197776197,5.903272524839785,174,177,1
1764953325281461200,6.781461181640625,0.1302010818839073,0.0369108037680387,0.0042864314478123,0.1353997882313683,5.795729088490983,5.913206262318893,174,177,1
1764953325291392000,6.79139208984375,0.0921606895640492,0.0391097751170396,0.0535715362210525,0.1135476847131195,5.805664979205769,5.923139999798001,174,178,1
1764953325301324000,6.801323974609375,0.0520861610680818,0.0253396084398031,0.0679932895416626,0.0893204979463788,5.815601846973012,5.933074714117825,174,178,1
1764953325311255300,6.81125537109375,-0.0045861587464809,0.0328723420321941,0.0717438422807957,0.079049368295649,5.825538226214027,5.9430089400172905,175,178,1
1764953325321186000,6.82118603515625,-0.009513386015594,0.040686815175414,0.0818398778893984,0.0918895372474561,5.835473872665698,5.9529424332862195,175,179,1
1764953325331118000,6.8311181640625,-0.0255459446668624,0.02629647077322,0.0638420013813767,0.0736199755801977,5.845410984696056,5.962877391816223,175,179,1
1764953325341049000,6.841049072265625,-0.0135609078407287,0.0226028769522905,0.021294821994449,0.03388595153984,5.8553468754108415,5.972811129295331,176,179,1
1764953325350980000,6.85097998046875,-0.0154860306844115,0.0310714300900697,-0.0278775705187814,0.0445242613889355,5.8652827661256275,5.982744866774438,176,179,1
1764953325360911000,6.8609111328125,-0.0096533790081739,0.0292611657977104,-0.0524172744522802,0.0608027483846101,5.875218901103528,5.992678848463725,176,180,1
1764953325370843100,6.870843017578125,0.0027931378498673,0.0090378774583339,-0.0778338205858133,0.0784065588773336,5.885155768870771,6.00261356278355,177,180,1
1764953325380774100,6.880774169921875,-0.0095376436740159,0.0056663551986217,-0.061350604690751,0.0623455766194382,5.895091903848671,6.012547544472836,177,180,1
1764953325390705200,6.890705078125,0.0124012164115905,0.0003758475750684,-0.0439914051121799,0.0457074955956975,5.905027794563457,6.0224812819519435,177,181,1
1764953325400637200,6.90063720703125,0.02600742469877,-0.0032552024036645,-0.0231044149999506,0.0349398980342095,5.914964906593815,6.032416240481948,177,181,1
1764953325410568200,6.910568115234375,0.0178436997264623,-0.0090437226772308,-0.0090624639103189,0.0219616664193918,5.9249007973086005,6.042349977961055,178,181,1
1764953325420499200,6.920499267578125,0.0336097163960337,0.0071937108963727,0.0268289747813018,0.0436022522411186,5.934836932286499,6.0522839596503415,178,182,1
1764953325430430200,6.93043017578125,0.0572489506587386,0.0232002583235502,0.0369734800409758,0.0719911978240852,5.944772823001287,6.062217697129449,178,182,1
1764953325440362200,6.9403623046875,0.0683759093508124,0.0201975693762302,0.0462949328141985,0.0850083971883325,5.954709935031643,6.072152655659453,179,182,1
1764953325450293000,6.95029296875,0.0555634817898273,0.0281850609987974,0.0509039061806863,0.0804543711464238,5.964645581483316,6.082086148928382,179,182,1
1764953325460224300,6.960224365234375,0.0078892919450998,0.0086959321528673,0.0528782886933069,0.0541661663636535,5.974581960724329,6.092020374827847,179,183,1
1764953325470156300,6.97015625,-0.0938046573787927,-0.006928337958455,0.0528599036532454,0.107895713663934,5.984518828491572,6.101955089147672,180,183,1
1764953325480087000,6.980087158203125,-0.1866375471159815,-0.0427916785001754,0.009789001786313,0.1917303478803108,5.994454719206358,6.111888826626779,180,183,1
1764953325490018000,6.99001806640625,-0.0978901731267571,-0.0426624991625547,-0.0082461927911033,0.1071007680884199,6.0043906099211455,6.121822564105887,180,184,1
1764953325499949300,6.99994921875,0.1013654480218887,-0.0133656775295734,0.0330451687152963,0.1074503539497435,6.014326744899044,6.131756545795174,180,184,1
1764953325509881300,7.00988134765625,0.2837321859508753,0.0629319647312164,0.0935755065317265,0.3053207509359007,6.024263856929402,6.141691504325177,181,184,1
1764953325519812000,7.01981201171875,0.3853378724694252,0.1211439152032136,0.1669138605955056,0.4370599055151619,6.034199503381075,6.151624997594106,181,185,1
1764953325529743000,7.0297431640625,0.1959253076821565,0.1431254453867673,0.032515760846599,0.2448037867577653,6.0441356383589735,6.1615589792833925,181,185,1
1764953325539674000,7.039674072265625,-0.0889765065699815,0.1382780053555965,-0.0099937077452894,0.1647346341271883,6.054071529073758,6.171492716762498,182,185,1
1764953325549606100,7.049606201171875,-0.1976654293477535,0.1035474682360887,-0.0603194213123759,0.2311539156596648,6.064008641104117,6.181427675292504,182,185,1
1764953325559537200,7.059537109375,-0.1191802139148116,0.0372977572590112,-0.119597306815721,0.1729120061849554,6.073944531818903,6.191361412771611,182,186,1
1764953325569468200,7.06946826171875,0.086789810180664,0.0466746574133634,-0.1367266477277502,0.1685383368694459,6.083880666796803,6.201295394460898,183,186,1
1764953325579400000,7.07939990234375,0.2509668114244938,0.1467407132744789,-0.0613746477200416,0.2971262774505807,6.093817290300933,6.2112298645705435,183,186,1
1764953325589331200,7.089331298828125,0.2505570615798235,0.1626052218824625,0.0024213225625222,0.2987058119520142,6.1037536695419465,6.221164090470009,183,187,1
1764953325599262200,7.09926220703125,0.1507078633397817,0.072410571694374,0.0519579726777272,0.1750879261694758,6.1136895602567325,6.2310978279491165,183,187,1
1764953325609193000,7.10919287109375,0.0171861126005649,-0.0551180761098861,0.0851154289613477,0.102849409466699,6.123625206708402,6.241031321218044,184,187,1
1764953325619125200,7.119125244140625,-0.0925429668799042,-0.1440302852720022,0.1177114930691197,0.207761688949216,6.133562563001876,6.250966523958228,184,188,1
1764953325629056300,7.12905615234375,-0.1121469542771577,-0.1316273152947426,0.1031700314921326,0.2013622230792859,6.143498453716662,6.260900261437336,184,188,1
1764953325638987000,7.138987060546875,-0.0477723895221948,-0.0547831450670957,0.0684258220402989,0.0998272873817245,6.153434344431446,6.270833998916442,185,188,1
1764953325648919000,7.1489189453125,0.0133472650900483,0.0223895264625549,0.0487588615425862,0.0552889406620398,6.16337121219869,6.280768713236268,185,188,1
1764953325658850300,7.158850341796875,0.0618722265452146,0.0647702860742807,0.0417773183924378,0.098836767995871,6.173307591439704,6.290702939135733,185,189,1
1764953325668781000,7.168781005859375,0.0644043753713369,0.0458814612090587,-0.0188918776221224,0.0813015073029994,6.183243237891375,6.30063643240466,185,189,1
1764953325678712000,7.178712158203125,0.0493491373196244,0.0520697944551706,-0.0450691675786394,0.0847220792652443,6.193179372869276,6.310570414093947,186,189,1
1764953325688644000,7.18864404296875,0.074303545834124,0.0553846180915832,-0.0661044983866857,0.1138344304313489,6.20311624063652,6.320505128413774,186,190,1
1764953325698575400,7.198575439453125,0.0649424277707934,0.0592114829033613,-0.1031539754064753,0.1355148009426995,6.2130526198775335,6.330439354313239,186,190,1
1764953325708506000,7.208506103515625,-0.030520810469985,0.0452706358343362,-0.0890594082136172,0.1044630486437646,6.222988266329205,6.340372847582166,187,190,1
1764953325718438100,7.218438232421875,-0.105272100071609,0.0360702612906694,-0.0781747977769002,0.1359947712617042,6.232925378359562,6.350307806112172,187,191,1
1764953325728369200,7.228369140625,-0.0699810064598917,0.0064484454870223,-0.0772809816091787,0.1044570430024549,6.24286126907435,6.360241543591279,187,191,1
1764953325738300200,7.238300048828125,0.006158230368793,0.0029611878931522,-0.0617321239547803,0.0621091584468992,6.252797159789134,6.370175281070385,188,191,1
1764953325748231200,7.248231201171875,0.0689507866293191,0.0343798239856958,-0.0147243758292635,0.0784410002336196,6.262733294767033,6.380109262759672,188,191,1
1764953325758163200,7.2581630859375,0.0885457139372825,0.065873863402009,0.034666296793858,0.1156782670581188,6.272670162534279,6.390043977079498,188,192,1
1764953325768094000,7.268093994140625,0.050633039650321,0.0358463894069194,0.0524195942735299,0.0812187306078159,6.282606053249063,6.399977714558604,188,192,1
1764953325778025200,7.278025146484375,0.0267547359347343,-0.0131868138313293,0.0635360726707847,0.070189318876783,6.292542188226962,6.409911696247891,189,192,1
1764953325787957200,7.287957275390625,0.0233434661865234,-0.0077431614726781,0.0757079510056413,0.0796025615710066,6.302479300257321,6.419846654777896,189,193,1
1764953325797888000,7.297887939453125,-0.0186684601128101,0.020876783812046,0.0641670320846606,0.0700125668139109,6.3124149467089925,6.429780148046823,189,193,1
1764953325807819000,7.307819091796875,-0.0109352355122566,0.0532025978773832,0.0488788346604444,0.0730700778319971,6.322351081686891,6.439714129736109,190,193,1
1764953325817750300,7.317750244140625,-0.0175324418202042,0.0880874487757682,0.0271256447564926,0.0938220962857783,6.332287216664792,6.449648111425396,190,193,1
1764953325827682300,7.327682373046875,0.001551613356173,0.0879991859704256,0.0037877863268484,0.0880943333065326,6.342224328695151,6.459583069955402,190,194,1
1764953325837613300,7.33761328125,0.0107283147633075,0.0988029040575027,0.0084949799204012,0.0997460539154542,6.352160219409937,6.469516807434509,191,194,1
1764953325847544300,7.34754443359375,-0.014214987835288,0.0925888518482446,-0.0159447365206317,0.0950210291906267,6.3620963543878375,6.479450789123796,191,194,1
1764953325857475300,7.357475341796875,-0.0157090257853269,0.0809323163241148,-0.0308141354273306,0.088013205025408,6.372032245102622,6.489384526602901,191,195,1
1764953325867407400,7.367407470703125,0.0130889064148068,0.0698982966125011,-0.0414166181541513,0.0822947604637836,6.381969357132979,6.499319485132907,191,195,1
1764953325877338000,7.377338134765625,0.0514925790891051,0.0741185446560382,-0.0283498139732982,0.0945978663369184,6.39190500358465,6.509252978401833,192,195,1
1764953325887269400,7.387269287109375,0.0574400893166661,0.0538350505620241,-0.0127687003004015,0.0797534716302917,6.401841138562551,6.51918696009112,192,196,1
1764953325897201400,7.397201416015625,0.0449830510646104,0.063926820987463,-0.0181389746122993,0.0802442254908733,6.411778250592908,6.529121918621126,192,196,1
1764953325907132400,7.40713232421875,0.0194704241454601,0.0306757087707519,-0.0297443302217521,0.0469555290177071,6.421714141307696,6.539055656100233,193,196,1
1764953325917063200,7.417063232421875,-0.0037754268854856,-0.0240215115785598,-0.0173095494672772,0.0298480714527194,6.43165003202248,6.5489893935793395,193,196,1
1764953325926994400,7.426994384765625,-0.0139823481231927,-0.0450707293480634,-0.0036748023554915,0.0473326618241195,6.441586167000379,6.558923375268626,193,197,1
1764953325936926500,7.436926513671875,-0.0188204358041286,-0.0371270768672227,0.022417656578496,0.0472776899502648,6.451523279030738,6.568858333798631,194,197,1
1764953325946857200,7.446857177734375,-0.0518991140633821,-0.0382236399322748,0.0515806866308208,0.0825538122895791,6.461458925482409,6.578791827067558,194,197,1
1764953325956788200,7.456788330078125,-0.1171282498210668,-0.0328068755805492,0.0928900450182147,0.1530486146784407,6.471395060460308,6.588725808756845,194,198,1
1764953325966720300,7.46672021484375,-0.1116276065781712,-0.0192032976418733,0.0987610102776903,0.1502771650709561,6.481331928227554,6.5986605230766715,194,198,1
1764953325976651300,7.4766513671875,0.0365597983732819,0.0451116458803415,0.1295424535783939,0.1419610042590524,6.491268063205453,6.608594504765958,195,198,1
1764953325986582300,7.486582275390625,0.227498842075467,0.1281225220441818,0.1174386857434175,0.2862917195969546,6.501203953920237,6.6185282422450635,195,199,1
1764953325996513300,7.49651318359375,0.3812058872312307,0.1979506760299205,0.1467275889314245,0.4539068009559687,6.511139844635023,6.628461979724171,195,199,1
1764953326006445000,7.506445068359375,0.3321788214728236,0.2042617588728666,0.0497743495949078,0.3931197291544997,6.521076712402268,6.638396694043996,196,199,1
1764953326016376300,7.516376220703125,0.021238602861762,0.1351712715119123,-0.0668894427858758,0.1523041314274557,6.5310128473801665,6.648330675733282,196,199,1
1764953326026307300,7.526307373046875,-0.2635278945729136,0.0363747971951961,-0.1137084405733738,0.2893089811026488,6.540948982358067,6.658264657422569,196,200,1
1764953326036239400,7.5362392578125,-0.3120145698443055,-0.0741641373634338,-0.1562255125164054,0.3567349461813389,6.5508858501253115,6.6681993717423955,197,200,1
1764953326046170000,7.546170166015625,-0.1144803656607866,-0.150578684002161,-0.1710582121249288,0.2550305984250267,6.560821740840096,6.678133109221502,197,200,1
1764953326056101400,7.556101318359375,0.130925304505229,-0.0874824686199426,-0.1722208444298245,0.2333551733554411,6.570757875817996,6.688067090910788,197,201,1
1764953326066032000,7.5660322265625,0.2442369186475873,0.0369710095226764,-0.0206103285953169,0.2478776182320641,6.580693766532782,6.698000828389896,197,201,1
1764953326075964200,7.575964111328125,0.174141053636372,0.0563227757245302,0.0799610601391643,0.1997276464725916,6.590630634300025,6.707935542709721,198,201,1
1764953326085895400,7.5858955078125,0.0290238499104976,-0.0021492869883775,0.1492230498758144,0.1520346076142708,6.600567013541042,6.717869768609187,198,202,1
1764953326095826400,7.595826416015625,-0.054487961512804,-0.0759106887698173,0.1584238810772076,0.1839279661032929,6.610502904255826,6.727803506088294,198,202,1
1764953326105758200,7.60575830078125,-0.0555681579649448,-0.0765028094440698,0.1497031067440286,0.1770636049595363,6.6204397720230705,6.73773822040812,199,202,1
1764953326115689200,7.615689208984375,-0.0173304895073175,0.0125251350522041,0.1345312017763964,0.1362199292542786,6.630375662737855,6.747671957887226,199,202,1
1764953326125620500,7.625620361328125,0.0414507852852344,0.0769376937299966,0.0861918808201328,0.1227461471353188,6.640311797715755,6.7576059395765125,199,203,1
1764953326135551200,7.63555126953125,0.0867313579916954,0.0998760862469673,0.0373232570264488,0.1374430303004035,6.650247688430541,6.76753967705562,200,203,1
1764953326145483300,7.645483154296875,0.0902457958534359,0.0568505989909172,-0.0077806713383179,0.1069431303138309,6.660184556197784,6.777474391375445,200,203,1
1764953326155414300,7.655414306640625,0.0272986335530877,-0.0061889177680015,-0.0442154961916385,0.0523309487825096,6.6701206911756845,6.787408373064731,200,204,1
1764953326165345300,7.66534521484375,-0.0065437225550413,-0.0191962833791971,-0.0552921586017357,0.058894315543109,6.6800565818904705,6.797342110543839,200,204,1
1764953326175276300,7.6752763671875,0.00813128400743,-0.0213566762834787,-0.0683565744626801,0.0720752847636325,6.689992716868369,6.807276092233125,201,204,1
1764953326185208300,7.685208251953125,-0.0179658648014068,-0.0114992991358041,-0.0759442165800835,0.0788830159834153,6.699929584635614,6.81721080655295,201,205,1
1764953326195139000,7.69513916015625,-0.0463417721971869,0.0220581025511026,-0.0332607476947363,0.0611587857608686,6.7098654753504,6.827144544032058,201,205,1
1764953326205070300,7.7050703125,-0.0320405673831701,0.0113210199594497,-0.0206042870135977,0.0397404088365536,6.7198016103282985,6.837078525721345,202,205,1
1764953326215002400,7.71500244140625,0.0036257892817258,-0.0090466452866792,-0.0258825744763948,0.0276567496352083,6.7297387223586576,6.84701348425135,202,205,1
1764953326224933400,7.724933349609375,0.0468047135338187,0.0146095401108264,-0.0014501257430762,0.0490532642736791,6.739674613073442,6.856947221730456,202,206,1
1764953326234864000,7.734864013671875,0.0397317064076662,0.0346165553510189,0.0384153585455147,0.0652123774341618,6.749610259525113,6.8668807149993825,202,206,1
1764953326244795400,7.74479541015625,0.0332879370957613,0.0210229142844676,0.0193888422426534,0.0438859531583163,6.759546638766128,6.87681494089885,203,206,1
1764953326254727400,7.7547275390625,0.0339645211830735,-0.0023287352085113,0.0521405672695953,0.0622707833744044,6.769483750796487,6.886749899428855,203,207,1
1764953326264658200,7.764658203125,0.0150564070954918,-0.0197229376018047,0.0706167927459348,0.0748493225085716,6.779419397248157,6.896683392697782,203,207,1
1764953326274589200,7.774589111328125,-0.0049921091988682,-0.0136631991714239,0.041781172583648,0.0442410504883869,6.789355287962943,6.906617130176889,204,207,1
1764953326284521200,7.784521240234375,-0.0424561629354953,0.0220423204600811,0.0636097635280806,0.0795901481250573,6.7992923999933,6.916552088706894,204,207,1
1764953326294452200,7.7944521484375,-0.0143532272621989,0.0674000500559806,0.0690837242600275,0.0975773684725332,6.809228290708086,6.926485826186001,204,208,1
1764953326304383200,7.80438330078125,0.0374003408506512,0.0996720881074667,0.096161623167945,0.1434585947712487,6.819164425685987,6.9364198078752874,205,208,1
1764953326314314200,7.814314208984375,0.0579863250225782,0.1229115093976259,0.0688669990696944,0.1523558879495375,6.829100316400771,6.946353545354394,205,208,1
1764953326324246300,7.824246337890625,0.0922927915111184,0.1391296537488698,0.0323586979882093,0.1700650030214544,6.83903742843113,6.956288503884399,205,209,1
1764953326334177300,7.83417724609375,0.0965899041831493,0.1321352648168802,0.0127351884731557,0.1641691896300393,6.848973319145916,6.966222241363507,205,209,1
1764953326344108300,7.8441083984375,0.1028448729246854,0.0952338133990764,0.0183571474076248,0.1413631209416729,6.8589094541238165,6.976156223052794,206,209,1
1764953326354040300,7.854040283203125,0.0928749753132462,0.050144379350543,0.0073582583748968,0.1058034204844011,6.868846321891059,6.986090937372618,206,210,1
1764953326363971300,7.863971435546875,0.0689504943683743,0.0258247616082429,-0.0267741575878346,0.0783450349435367,6.87878245686896,6.996024919061904,206,210,1
1764953326373902300,7.87390234375,0.0188645672067999,-0.0114367552936077,-0.0244108990552136,0.0329023291003777,6.888718347583746,7.005958656541012,207,210,1
1764953326383833000,7.8838330078125,0.0121264911234378,-0.0294897138565778,-0.0317284532436751,0.0449821048367651,6.898653994035415,7.015892149809939,207,210,1
1764953326393765000,7.89376513671875,0.0275076001286506,-0.0343675490260124,-0.034200809590402,0.0557448819850938,6.908591106065774,7.025827108339945,207,211,1
1764953326403696400,7.9036962890625,0.0584527734905481,0.0013040683358907,0.0116479412257205,0.0596162885272123,6.918527241043675,7.035761090029231,208,211,1
1764953326413627400,7.91362744140625,0.0621212328702211,0.0314952084600925,0.0613269224210642,0.0928007927924118,6.928463376021574,7.045695071718518,208,211,1
1764953326423558100,7.92355810546875,0.0127253337994217,0.0456324548840522,0.0643603444333653,0.0799156367342035,6.938399022473245,7.055628564987445,208,212,1
1764953326433490200,7.933490234375,-0.0742336954683065,0.0370411521494388,0.0459186605474446,0.09482200104359,6.948336134503604,7.06556352351745,208,212,1
1764953326443421400,7.94342138671875,-0.0759939831390976,0.0289192204922437,0.0289570226188283,0.0863128955960335,6.958272269481503,7.075497505206736,209,212,1
1764953326453352200,7.953352294921875,0.0646826077908277,0.0573836829543113,0.065452980241971,0.1084473118273514,6.968208160196289,7.085431242685843,209,213,1
1764953326463284200,7.9632841796875,0.2479129768118262,0.0747340462058782,0.1029616311721503,0.2786523267938621,6.978145027963533,7.095365957005669,209,213,1
1764953326473215200,7.97321533203125,0.3825213537439704,0.0887380216389894,0.1315315450363792,0.4141226507861874,6.988081162941432,7.105299938694955,210,213,1
1764953326483146200,7.983146240234375,0.2179620751842856,0.0730798492580652,0.0324651152214617,0.2321682887316105,6.998017053656218,7.1152336761740616,210,213,1
1764953326493077200,7.9930771484375,-0.1594005806222558,0.0089338325619697,-0.0469062148466473,0.1663987724059207,7.007952944371004,7.125167413653169,210,214,1
1764953326503009300,8.00300927734375,-0.4050274923235177,-0.0286871653020381,-0.0937831396667286,0.4167319285544278,7.017890056401361,7.135102372183175,211,214,1
1764953326512940300,8.012940185546874,-0.3737611241832375,-0.0960275941252708,-0.1547416489005088,0.4157687514576504,7.027825947116147,7.14503610966228,211,214,1
1764953326522871300,8.022871337890624,-0.109805944108963,-0.1230553017824888,-0.216710412889067,0.272329498426061,7.037762082094046,7.154970091351567,211,215,1
1764953326532803300,8.03280322265625,0.1539963834911585,0.0068453358501195,-0.1499577482253778,0.2150559717935837,7.0476989498612905,7.1649048056713935,211,215,1
1764953326542734300,8.042734375,0.2661532746404409,0.1472387259244919,0.008109455768112,0.304273842593399,7.057635084839191,7.17483878736068,212,215,1
1764953326552665300,8.052665283203124,0.2005374776527285,0.1548790115445852,0.0503292252650018,0.2583327681037031,7.067570975553975,7.184772524839786,212,216,1
1764953326562596400,8.062596435546874,0.0447211852580308,0.0793897630572319,0.0903617229838389,0.1283275491458267,7.077507110531876,7.194706506529072,212,216,1
1764953326572528400,8.0725283203125,-0.0408738621801137,-0.023224808242917,0.101919739170093,0.1122394652514835,7.08744397829912,7.204641220848899,213,216,1
1764953326582459100,8.082459228515624,-0.0125292267054319,-0.0551660069048404,0.0710348263617604,0.0908086801793003,7.0973798690139045,7.214574958328004,213,216,1
1764953326592390400,8.092390380859374,0.0539484478086233,-0.0143412445634603,0.0584713640265865,0.0808393884669987,7.107316003991805,7.224508940017291,213,217,1
1764953326602322400,8.102322509765624,0.1350298172146082,0.0353653278917074,0.0457273209601175,0.1468834430291177,7.117253116022164,7.234443898547297,214,217,1
1764953326612253200,8.112253173828124,0.1733104480311274,0.0928624080926179,0.0206228775496361,0.1976998768637383,7.127188762473834,7.244377391816224,214,217,1
1764953326622184200,8.12218408203125,0.0957116600438952,0.0761982735395431,-0.0376389079800341,0.127998383398755,7.13712465318862,7.254311129295331,214,218,1
1764953326632115500,8.132115478515624,-0.0071735448911786,0.0652595308959484,-0.0678670236803358,0.0944256269361885,7.147061032429635,7.264245355194797,214,218,1
1764953326642047200,8.142047119140624,0.0103504213616251,0.0424088166624307,-0.0764477410888532,0.0880334940273256,7.156997655933763,7.274179825304443,215,218,1
1764953326651978200,8.151978271484374,0.0745376468509435,0.0391729034811258,-0.104197401778493,0.1339681891443124,7.1669337909116635,7.284113806993729,215,219,1
1764953326661909200,8.1619091796875,0.1195759352341294,0.0691775811225175,-0.0755204062440199,0.1574397464947813,7.1768696816264494,7.2940475444728365,215,219,1
1764953326671840300,8.17184033203125,0.0855854028269648,0.0927536870211362,-0.0238150885865325,0.1284338976962589,7.18680581660435,7.303981526162123,216,219,1
1764953326681772300,8.181772216796874,0.072395666386187,0.0483662637621164,-0.0008294639609288,0.0870696042960411,7.196742684371593,7.313916240481948,216,219,1
1764953326691703300,8.191703369140624,0.0556160887598991,-0.0084270520836114,0.0138287558635231,0.0579258062050222,7.206678819349493,7.323850222171235,216,220,1
1764953326701634000,8.201634033203124,0.0422474886208772,-0.009207388806343,0.0037024712471291,0.0433974031105334,7.216614465801163,7.333783715440162,216,220,1
1764953326711566300,8.21156640625,0.0201300570979714,-0.0262152222305536,0.019516318246955,0.0383841601872612,7.2265518220946365,7.343718918180348,217,220,1
1764953326721497300,8.221497314453124,0.0082101944625377,-0.0492161585897207,0.0235247547372942,0.0551638617655713,7.2364877128094225,7.353652655659453,217,221,1
1764953326731428400,8.231428466796874,-0.0069485039636492,-0.0526315199911594,0.0483452894727466,0.0718026853127118,7.246423847787321,7.36358663734874,217,221,1
1764953326741359400,8.241359375,-0.0181096571862697,-0.0058610009878873,0.0495449247532058,0.0530755177533394,7.256359738502107,7.373520374827848,218,221,1
1764953326751291400,8.25129150390625,-0.0051578211545944,0.0376759429216384,0.0355888618487399,0.0520830767311804,7.266296850532466,7.383455333357853,218,222,1
1764953326761222400,8.261222412109374,-0.0138224813863635,0.0618681348919868,0.0101130050097126,0.0641950152037984,7.276232741247251,7.3933890708369585,218,222,1
1764953326771153200,8.271153076171874,0.020832067887485,0.069728785264492,-0.0080731058130972,0.0732205816994093,7.286168387698922,7.403322564105886,219,222,1
1764953326781085200,8.281085205078124,0.0539615995511412,0.0524368742018938,-0.0187785100582754,0.0775507088439023,7.296105499729281,7.413257522635892,219,222,1
1764953326791016400,8.291016357421874,0.0350473479837179,0.0625619623750448,-0.0047640771632315,0.0718680190914259,7.30604163470718,7.423191504325178,219,223,1
1764953326800947200,8.300947265625,0.0321709157645702,0.0716302349716424,-0.0039581219420535,0.0786226755620281,7.315977525421966,7.433125241804285,219,223,1
1764953326810878200,8.310878173828126,0.0253206114783883,0.041087797191739,-0.0037175272523658,0.0484062026250877,7.325913416136752,7.443058979283393,220,223,1
1764953326820809700,8.320809814453124,0.0596405219703912,0.0477156908988952,-0.0140587652271147,0.0776622681781233,7.33585003964088,7.452993449393038,220,224,1
1764953326830741000,8.330740966796874,0.0648082799971103,0.0571165564507245,-0.0228776113735977,0.0893632993970903,7.34578617461878,7.462927431082324,220,224,1
1764953326840672000,8.340672119140624,0.0534656327277421,0.072860069027543,0.0055854445826727,0.0905447995903809,7.355722309596679,7.472861412771611,221,224,1
1764953326850602800,8.350602783203126,0.0365101140126585,0.081038114786148,-0.010346115079266,0.0894829959855147,7.365657956048352,7.482794906040539,221,224,1
1764953326860534800,8.36053466796875,0.0797705790683627,0.1188724631398916,-0.0118994774345308,0.1436509844764793,7.375594823815595,7.492729620360364,221,225,1
1764953326870466000,8.370466064453124,0.1312368546724319,0.1671229915678501,-0.0099338125179056,0.2127249091339366,7.385531203056608,7.502663846259829,222,225,1
1764953326880396800,8.380396728515626,0.1453860837951302,0.1994242557138204,-0.0029610234963707,0.2468114964673281,7.395466849508281,7.512597339528758,222,225,1
1764953326890328800,8.390328857421874,0.0860775702580809,0.2252677220225334,0.0628507070553954,0.2492089606417059,7.405403961538639,7.522532298058762,222,226,1
1764953326900260000,8.400260009765624,-0.0472390132978558,0.1876636752933263,0.0766515063329134,0.2081457009526228,7.4153400965165375,7.532466279748048,222,226,1
1764953326910190800,8.41019091796875,-0.0973892378672957,0.1356909114718437,0.0560977530633099,0.1761920685138367,7.425275987231325,7.5424000172271555,223,226,1
1764953326920121900,8.420121826171876,8.65092396736e-05,0.0869078836023807,0.1243157136397436,0.151681852486882,7.435211877946111,7.552333754706264,223,227,1
1764953326930054000,8.430053955078124,0.150353058552742,0.0617383710324764,0.1655791048604063,0.2320217848398753,7.445148989976467,7.562268713236267,223,227,1
1764953326939985000,8.43998486328125,0.3091127109229564,0.0691366645902395,0.1720713346902281,0.3604706516027053,7.455084880691254,7.572202450715375,224,227,1
1764953326949916000,8.449916015625,0.1669783224001526,0.0371428589582443,0.1539418402923271,0.2301291861449774,7.465021015669153,7.582136432404662,224,227,1
1764953326959848000,8.459847900390624,-0.2164113386109471,-0.0479857400119304,0.066819569587172,0.2315196613760686,7.474957883436396,7.592071146724486,224,228,1
1764953326969779000,8.469779052734374,-0.4713081829607486,-0.1061404073387384,-0.0501424750878242,0.4857071722794804,7.484894018414296,7.602005128413772,225,228,1
1764953326979710000,8.4797099609375,-0.4297743955671787,-0.185795543333888,-0.1009562279001809,0.4789761736868565,7.494829909129082,7.61193886589288,225,228,1
1764953326989641000,8.489640869140626,-0.1605696244016289,-0.2003629978686571,-0.1818709903012961,0.3146505876501263,7.504765799843868,7.621872603371988,225,229,1
1764953326999573000,8.499572998046874,0.1178156475633382,-0.1194651683360338,-0.1761685408759862,0.2432854456203651,7.514702911874226,7.631807561901992,225,229,1
1764953327009503700,8.509503662109376,0.2819242597460746,0.0356464829206466,-0.0850133750926703,0.2966129362024373,7.524638558325899,7.64174105517092,226,229,1
1764953327019435000,8.51943505859375,0.2296539742827415,0.0751209996968507,0.0097980618756031,0.2418266207757749,7.534574937566912,7.651675281070386,226,230,1
1764953327029367000,8.529366943359374,0.0848059428870677,-0.0234919347465038,0.0779694935963023,0.117571939163911,7.544511805334155,7.661609995390211,226,230,1
1764953327039297800,8.5392978515625,-0.0347886970475316,-0.1370399879932403,0.1548481414822861,0.2096858571100361,7.554447696048941,7.671543732869318,227,230,1
1764953327049228800,8.549228759765626,-0.0548418895170092,-0.1690899077266454,0.1352907514394261,0.2233889369817714,7.564383586763727,7.681477470348426,227,230,1
1764953327059160000,8.55916015625,0.019312018713355,-0.0596165565729141,0.1050478263290598,0.1223198009353218,7.574319966004742,7.691411696247891,227,231,1
1764953327069091800,8.569091796875,0.0718181587591767,0.027566636839509,0.0545936732098693,0.0943304645845958,7.58425658950887,7.701346166357537,228,231,1
1764953327079022800,8.57902294921875,0.0748889445066452,0.0762520495533943,0.0277261565164662,0.110414984606204,7.594192724486771,7.711280148046823,228,231,1
1764953327088953900,8.588953857421876,0.0209530639186501,0.075754621425271,-0.0262039930170634,0.0828519330185088,7.604128615201557,7.721213885525931,228,232,1
1764953327098884900,8.598884765625,-0.0155821845352649,0.0281909062176942,-0.0841630053410306,0.0901162756459687,7.614064505916341,7.731147623005037,228,232,1
1764953327108817000,8.60881689453125,0.0240688578516244,-0.0010398644417524,-0.1273282298613339,0.129587303992172,7.6240016179467,7.741082581535043,229,232,1
1764953327118748000,8.618747802734376,0.0502694670349359,-0.0050321489483118,-0.149599609836936,0.1578999211601385,7.633937508661486,7.75101631901415,229,233,1
1764953327128679000,8.628678955078126,0.1019695513948798,0.0138087451219558,-0.1340629449438303,0.1690010179274925,7.643873643639386,7.760950300703437,229,233,1
1764953327138611000,8.63861083984375,0.1468932734876871,0.0468324783235788,-0.1083430958816315,0.1884386936037111,7.653810511406629,7.770885015023262,230,233,1
1764953327148542000,8.6485419921875,0.1751066837981343,0.0595072509795427,-0.0691778185845352,0.1974564109215928,7.66374664638453,7.780818996712548,230,233,1
1764953327158473000,8.658472900390626,0.1703662112727761,0.0435638319164514,-0.041360549718514,0.1806464737206422,7.673682537099316,7.790752734191655,230,234,1
1764953327168404000,8.668404052734376,0.1333414257362485,0.0492383704215288,-0.0148591537906089,0.1429165749327772,7.683618672077214,7.800686715880942,231,234,1
1764953327178336000,8.6783359375,0.0582084433406591,0.0532259787529706,-0.0096346469082403,0.0794610225922172,7.693555539844459,7.810621430200767,231,234,1
1764953327188267000,8.68826708984375,-0.0387131770148873,0.022519874843955,-0.031017973736627,0.0544790742606689,7.703491674822358,7.820555411890053,231,235,1
1764953327198197800,8.69819775390625,-0.0967360346555709,-0.0273193840801715,-0.0168895088407443,0.1019287234114374,7.713427321274029,7.8304889051589806,231,235,1
1764953327208129800,8.7081298828125,-0.1139551727429032,-0.0333019656211137,0.0139250969440443,0.119535394900405,7.723364433304388,7.840423863688986,232,235,1
1764953327218061000,8.71806103515625,-0.0950897287532687,-0.0448024338006973,0.0122512134816497,0.1058272498962768,7.733300568282287,7.850357845378272,232,236,1
1764953327227991800,8.72799169921875,-0.0320955124408006,-0.009696049106121,0.0282788219631649,0.0438614529938335,7.743236214733958,7.860291338647199,232,236,1
1764953327237922800,8.7379228515625,0.0577858340144157,0.0261538474321365,0.0427367106096586,0.0764830228349977,7.753172349711857,7.870225320336486,233,236,1
1764953327247854800,8.747854736328126,0.0965405120834708,0.085782678964734,0.06214521196743,0.1433205004672471,7.763109217479103,7.880160034656312,233,236,1
1764953327257785900,8.757785888671876,0.0786027043327689,0.0914040259778499,0.0461123610552167,0.1290714179649034,7.773045352457002,7.890094016345599,233,237,1
1764953327267716900,8.767716796875,0.0431073203206062,0.0713163467168808,0.0084349613954313,0.083758050048984,7.782981243171786,7.900027753824705,233,237,1
1764953327277648000,8.77764794921875,0.0007771218523383,0.0583119037151336,-0.0194221599903656,0.0614662698717577,7.792917378149687,7.909961735513991,234,237,1
1764953327287580000,8.787579833984376,-0.0242684720769524,0.0661304685115814,-0.0420964308115886,0.082062824041011,7.802854245916931,7.919896449833818,234,238,1
1764953327297511000,8.797510986328126,0.0063256958901882,0.0408078112065792,-0.0505352783642709,0.0652618283786265,7.812790380894832,7.929830431523104,234,238,1
1764953327307442000,8.80744189453125,0.0337456177353858,0.0172509945303201,-0.0555742680453229,0.0672671004087534,7.822726271609616,7.93976416900221,235,238,1
1764953327317374000,8.8173740234375,0.0519312627673149,0.0233574947118759,-0.0367368491403525,0.0677644796083039,7.832663383639975,7.949699127532216,235,238,1
1764953327327305000,8.827304931640626,0.0726388274922966,0.0317360314786434,-0.0293814996751723,0.084539029309729,7.842599274354761,7.959632865011323,235,239,1
1764953327337236000,8.837236083984376,0.0809168264940381,0.016514496949315,-0.031253056567558,0.0883007076085474,7.852535409332662,7.9695668467006096,236,239,1
1764953327347167000,8.8471669921875,0.062632397262752,0.010527823755145,0.0237409593378193,0.0678032846562655,7.862471300047446,7.979500584179716,236,239,1
1764953327357098800,8.8570986328125,-0.0274041397541761,-0.0209615394860506,0.0740168515469646,0.0816631332133238,7.872407923551574,7.989435054289362,236,240,1
1764953327367030000,8.867030029296876,-0.1138905830740928,-0.0088163436621427,0.0473232118494343,0.1236457811988434,7.882344302792591,7.999369280188828,236,240,1
1764953327376961000,8.8769609375,-0.0698936204373836,0.0311368965417146,0.0284012518995907,0.0816165155685936,7.892280193507375,8.009303017667936,237,240,1
1764953327386891800,8.886891845703126,0.0747948364824056,0.0645370618402957,0.0775324630190618,0.125580980794108,7.902216084222161,8.019236755147043,237,241,1
1764953327396823800,8.89682373046875,0.3232692465692758,0.0754307962983846,0.1119139127062633,0.3503106259662997,7.912152951989404,8.029171469466867,237,241,1
1764953327406755000,8.906755126953126,0.4812093992501497,0.1311672965675592,0.0986837346572429,0.5084346812535836,7.922089331230419,8.039105695366334,238,241,1
1764953327416685800,8.916685791015626,0.2189803123161196,0.0879132612526416,0.0226217049503466,0.2370503326743099,7.93202497768209,8.04903918863526,238,241,1
1764953327426617900,8.926617919921876,-0.1138432368010282,0.0183598325550556,-0.0236215250760782,0.1177087187242493,7.941962089712449,8.058974147165268,238,242,1
1764953327436548900,8.936548828125,-0.2742757908195257,0.0082183777689933,-0.0698644537084037,0.2831533030971099,7.951897980427233,8.068907884644373,239,242,1
1764953327446480000,8.94647998046875,-0.1460471780523657,-0.0284387434989213,-0.0963189782872796,0.1772452705353863,7.961834115405132,8.07884186633366,239,242,1
1764953327456411000,8.956410888671876,0.0830973854035139,-0.0348772521138191,-0.1149879315904341,0.1460952517618467,7.97177000611992,8.088775603812767,239,243,1
1764953327466343000,8.966343017578126,0.1743199173346162,0.0611626169711351,-0.0783939660860691,0.2006836147098436,7.981707118150277,8.098710562342772,239,243,1
1764953327476274000,8.97627392578125,0.1060556516647338,0.1042179148435592,0.0309483836657134,0.1518781665542842,7.991643008865061,8.108644299821878,240,243,1
1764953327486205000,8.986204833984376,-0.0411465416416525,0.0835404529958963,0.0486886138845467,0.1050839012305228,8.00157889957985,8.118578037300987,240,244,1
1764953327496137000,8.996136962890626,-0.123247024962306,-0.0061316346228122,0.0731838850212749,0.1434688367974527,8.011516011610206,8.128512995830992,240,244,1
1764953327506068000,9.00606787109375,-0.1016173769563436,-0.0732785867005586,0.0813315173753071,0.1493675275516361,8.02145190232499,8.138446733310097,241,244,1
1764953327515998700,9.015998779296876,0.0010334347009658,-0.0818763191759586,0.0574069587986217,0.100001792721887,8.031387793039778,8.148380470789204,241,244,1
1764953327525930000,9.025929931640626,0.1520873349994421,0.0064367550492286,0.0835319500290323,0.17363633248387,8.041323928017677,8.158314452478491,241,245,1
1764953327535862000,9.035862060546876,0.225175075303018,0.0844540607094764,0.0943913346929475,0.2583525246115388,8.051261040048036,8.168249411008496,242,245,1
1764953327545792800,9.045792724609376,0.1762777734041214,0.099193949201703,0.0821743066086899,0.2183252381681142,8.061196686499708,8.178182904277424,242,245,1
1764953327555724000,9.05572412109375,0.0697787618860602,0.0526011248528957,0.0816267831279896,0.1195779480923019,8.071133065740721,8.18811713017689,242,246,1
1764953327565655000,9.065655029296876,0.0072907415300607,0.0398287370413541,0.028151565154572,0.0493152494368587,8.081068956455507,8.198050867655997,242,246,1
1764953327575586800,9.0755869140625,0.0093745620667934,0.0344137262552976,-0.0135645519693847,0.0381599795446598,8.09100582422275,8.207985581975821,243,246,1
1764953327585517800,9.085517822265626,0.0060495092973113,0.0300929404467344,-0.0539482194797601,0.0620692517475869,8.100941714937536,8.217919319454928,243,247,1
1764953327595449000,9.095448974609376,-0.037609599687159,0.0298497793406248,-0.0541759409881429,0.0723914628755565,8.110877849915436,8.227853301144215,243,247,1
1764953327605381000,9.105381103515626,-0.0495282932788133,0.0115706108063459,-0.0668638471203157,0.0840101477279561,8.120814961945795,8.237788259674222,244,247,1
1764953327615312000,9.115311767578126,-0.0474821744039654,-0.0206084882646799,-0.0622049930303823,0.0809242104230492,8.130750608397465,8.247721752943148,244,247,1
1764953327625243000,9.125242919921876,-0.0236518014833331,-0.0279606045931577,-0.078593562045088,0.0867072725759322,8.140686743375365,8.257655734632435,244,248,1
1764953327635174000,9.135173828125,-0.0416349096804857,0.0218050045728683,-0.0654730868816608,0.0805955894223655,8.15062263409015,8.26758947211154,245,248,1
1764953327645106000,9.14510595703125,-0.0515875638961791,0.046349078720808,-0.0422262905692216,0.0811946640010681,8.160559746120509,8.277524430641545,245,248,1
1764953327655037000,9.155036865234376,-0.0596685790210962,0.0658218409538269,-0.0293915735446149,0.0935773405498157,8.170495636835295,8.287458168120654,245,249,1
1764953327664968000,9.164968017578126,-0.0254494985550642,0.0665735361039638,-0.0331468435580609,0.0786029638369479,8.180431771813193,8.29739214980994,245,249,1
1764953327674899000,9.17489892578125,0.0202554370433092,0.05859831944108,0.0133991185748716,0.0634317124923944,8.19036766252798,8.307325887289046,246,249,1
1764953327684831000,9.1848310546875,0.071743047696352,0.0773369221806526,-0.000578804534953,0.105491229208058,8.200304774558337,8.317260845819051,246,250,1
1764953327694762000,9.194761962890626,0.0663765522271394,0.070786185362935,-0.0259146592482458,0.1004395354815555,8.210240665273124,8.327194583298159,246,250,1
1764953327704692700,9.204692626953126,0.0399243063703179,0.0608633417636156,-0.023839181848173,0.0765937543209362,8.220176311724794,8.337128076567087,247,250,1
1764953327714624800,9.214624755859376,-0.0007891045510768,0.0429477458447217,0.000540057126875,0.0429583894115646,8.230113423755153,8.347063035097092,247,250,1
1764953327724556000,9.22455615234375,-0.0313455708563327,0.0313940861731767,-0.0189509668486192,0.0482418138491462,8.240049802996166,8.356997260996557,247,251,1
1764953327734486800,9.23448681640625,-0.0264238965451717,0.0264198048919439,-0.0006670810400275,0.0373720938170753,8.249985449447838,8.366930754265484,247,251,1
1764953327744417800,9.244417724609375,-0.0076835402399301,0.028760230538249,-0.0105048904041294,0.0315680277121429,8.259921340162624,8.376864491744591,248,251,1
1764953327754349800,9.254349853515626,0.0132341601043939,0.0283341140806674,-0.013934947051201,0.0342366435814724,8.269858452192983,8.386799450274596,248,252,1
1764953327764280800,9.26428076171875,0.0714256523102521,0.0184475108385086,0.0152881563250208,0.0753369908338539,8.279794342907767,8.396733187753703,248,252,1
1764953327774211800,9.2742119140625,0.0848404296785593,0.0289531227618455,0.0065921922061126,0.0898868111782112,8.289730477885666,8.40666716944299,249,252,1
1764953327784142800,9.284142822265624,0.0774129100263118,0.0215729493826627,-0.0110806033662753,0.0811229348259139,8.29966636860045,8.416600906922096,249,252,1
1764953327794075100,9.2940751953125,0.0775730690240859,0.0202928464442491,-0.0128839127614628,0.0812119194618034,8.309603724893925,8.426536109662282,249,253,1
1764953327804006000,9.304005859375,0.0543202037304639,0.012689385703206,-0.0033884322953177,0.0558854767919518,8.319539371345595,8.436469602931208,250,253,1
1764953327813937000,9.31393701171875,0.0094128482505679,-0.0078951371639966,0.0224241091521689,0.0255690354588303,8.329475506323496,8.446403584620494,250,253,1
1764953327823869000,9.323868896484376,-0.0476911409795284,-0.0173415954232215,0.0159975832360098,0.0532080682711279,8.33941237409074,8.456338298940322,250,254,1
1764953327833800000,9.333800048828126,-0.0568520602956414,-0.0251408709973096,-0.0089898233657935,0.0628095301567427,8.34934850906864,8.466272280629608,250,254,1
1764953327843731000,9.34373095703125,0.0147679455429315,-0.0005646481454372,0.0402318470826838,0.0428603845383075,8.359284399783425,8.476206018108714,251,254,1
1764953327853662000,9.353661865234375,0.2130050372987985,0.0244932207435369,0.1189977243542205,0.245217295838889,8.36922029049821,8.486139755587821,251,255,1
1764953327863593700,9.36359375,0.4211740327432751,0.1070060842573642,0.0908031740078702,0.4439404062880862,8.379157158265453,8.496074469907645,251,255,1
1764953327873525000,9.37352490234375,0.291981543380022,0.0561304680228233,0.0808593972183764,0.3081267486499022,8.389093293243354,8.506008451596932,252,255,1
1764953327883456000,9.3834560546875,-0.0253691267952322,-0.0043669630378484,0.0216876070045866,0.033660292008714,8.399029428221255,8.515942433286218,252,255,1
1764953327893387800,9.3933876953125,-0.1605588107466697,0.0284019186198711,-0.1061108524506911,0.1945387203039205,8.408966051725383,8.525876903395865,252,256,1
1764953327903318800,9.40331884765625,-0.0876578251868486,0.0322322905629873,-0.1043073284263722,0.1400101197587946,8.418902186703283,8.535810885085152,253,256,1
1764953327913250000,9.41325,0.0996428620129823,0.0324321970492601,-0.1205269432154949,0.1597100228428115,8.428838321681184,8.545744866774438,253,256,1
1764953327923180800,9.423180908203124,0.2084066035926342,0.0563625232130289,-0.0906522486293222,0.2341535321653488,8.438774212395968,8.555678604253544,253,257,1
1764953327933112800,9.43311279296875,0.1766907381191849,0.0768441702276468,-0.0151333904549945,0.1932709573157365,8.448711080163212,8.565613318573371,253,257,1
1764953327943043800,9.4430439453125,0.0300397489547729,0.0306043971002101,0.0448689870977308,0.0620664292698513,8.458647215141113,8.575547300262658,254,257,1
1764953327952974800,9.452974853515624,-0.1026318146958947,-0.0373228917002677,0.064327474210225,0.1267450652724181,8.468583105855897,8.585481037741763,254,258,1
1764953327962905900,9.46290576171875,-0.1593316070392727,-0.0620499211996793,0.0950912083243019,0.1956504322080056,8.478518996570683,8.59541477522087,254,258,1
1764953327972838000,9.472837890625,-0.0914607246011495,-0.0620715485095977,0.1249585598542355,0.1668310011951951,8.488456108601042,8.605349733750876,255,258,1
1764953327982769000,9.482768798828126,0.0562061636075377,-0.0109492640376091,0.1386120870150159,0.1499744307443802,8.498391999315828,8.615283471229983,255,258,1
1764953327992700000,9.492699951171875,0.1687523463353514,0.0755646518111228,0.1297672296444419,0.2258913563787156,8.508328134293727,8.62521745291927,255,259,1
1764953328002632000,9.5026318359375,0.1702335248038172,0.0808954914450645,0.1094489930306095,0.2179509476434657,8.518265002060971,8.635152167239095,256,259,1
1764953328012563000,9.51256298828125,0.0490349568039178,0.0630360096275806,0.0497390956184361,0.0940847656715498,8.52820113703887,8.645086148928382,256,259,1
1764953328022494000,9.522493896484375,-0.0864540023550391,0.0188221893697977,-0.0030622279816772,0.0885321781957803,8.538137027753656,8.655019886407489,256,260,1
1764953328032425000,9.532425048828124,-0.0679535922855138,0.0048170448929071,-0.0527831029568333,0.0861797573897593,8.548073162731555,8.664953868096774,256,260,1
1764953328042357000,9.54235693359375,-0.0085375267207622,0.0089683193534612,-0.0820507441611029,0.082979785080007,8.5580100304988,8.6748885824166,257,260,1
1764953328052287700,9.552287841796876,0.010917699855566,0.0222778827816247,-0.0619949670088943,0.0667748168533761,8.567945921213585,8.684822319895709,257,261,1
1764953328062219000,9.562218994140624,0.0152636201053857,0.025709026274085,-0.0125048777154646,0.0324083954765096,8.577882056191484,8.694756301584993,257,261,1
1764953328072150000,9.57214990234375,-0.0126496382147073,0.0193061734944581,0.0113124713268131,0.025704351567022,8.58781794690627,8.7046900390641,258,261,1
1764953328082081800,9.582081787109376,-0.0802276751860976,0.0162304193109273,0.0122927054026629,0.082770870376547,8.597754814673515,8.714624753383927,258,261,1
1764953328092012800,9.5920126953125,-0.1372211897790431,0.0667155749231576,0.0111105738128535,0.1529838805631315,8.607690705388299,8.724558490863032,258,262,1
1764953328101944000,9.601944091796875,-0.230837338848412,0.112271457439661,0.0150537402143701,0.2571329855477199,8.617627084629316,8.7344927167625,259,262,1
1764953328111876000,9.6118759765625,-0.2881210685595869,0.1371715054184198,-0.0040078474018722,0.319132942341386,8.627563952396558,8.744427431082325,259,262,1
1764953328121806800,9.621806884765626,-0.2924453614994883,0.1051467201262712,-0.0391249270203988,0.3132265667695356,8.637499843111344,8.754361168561433,259,263,1
1764953328131737900,9.63173779296875,-0.1786640840187668,0.0506149194717407,-0.0469736494930926,0.1915443779861358,8.647435733826129,8.764294906040538,259,263,1
1764953328141668900,9.6416689453125,-0.0281909062176942,-0.0235141465783119,-0.0508779908547177,0.0627392400025207,8.657371868804029,8.774228887729825,260,263,1
1764953328151601000,9.651600830078126,0.084423081049323,-0.0455319171190261,-0.0440825311614666,0.1055636378872767,8.667308736571274,8.78416360204965,260,264,1
1764953328161532000,9.661531982421875,0.1330570558369159,-0.0443745637774467,-0.047004629153246,0.147928081107885,8.677244871549174,8.794097583738937,260,264,1
1764953328171463000,9.671462890625,0.1065238536983728,-0.0135533090561628,-0.0381019132487475,0.1139420000980291,8.687180762263958,8.804031321218044,261,264,1
1764953328181394000,9.681393798828124,0.0514940403938293,-0.0011994389176368,-0.0455444934728089,0.068755914185568,8.697116652978742,8.81396505869715,261,264,1
1764953328191326000,9.691325927734376,0.0340171281531453,0.023409517160058,-0.0811907480645924,0.091088462895927,8.707053765009103,8.823900017227157,261,265,1
1764953328201257000,9.701257080078124,0.0739788439244031,0.037419337812066,-0.0958252399535849,0.1267105078627926,8.716989899987,8.833833998916441,262,265,1
1764953328211187700,9.711187744140624,0.1538882469415664,0.0604208586931228,-0.0994269907725974,0.1929196703450868,8.726925546438672,8.843767492185368,262,265,1
1764953328221120000,9.7211201171875,0.2054477537870407,0.1087719248861074,-0.0303293795511126,0.2344354547493295,8.736862902732145,8.853702694925554,262,266,1
1764953328231051000,9.731051025390624,0.2630094236567616,0.1197182663142681,0.0080160692630801,0.2890859346076637,8.74679879344693,8.863636432404661,262,266,1
1764953328240981800,9.740981689453124,0.2910062686070799,0.1292331136345863,0.0462991660313215,0.3217599397120494,8.756734439898601,8.873569925673587,263,266,1
1764953328250913000,9.7509130859375,0.2529284668862819,0.0516734886139631,0.0592802555569447,0.2648718699406924,8.766670819139616,8.883504151573055,263,267,1
1764953328260845000,9.760844970703126,0.1845920127630233,0.0311076704472303,0.087482596484106,0.2066279337944377,8.77660768690686,8.89343886589288,263,267,1
1764953328270775800,9.77077587890625,0.0511453730866312,0.000216273099184,0.0942267278489191,0.1072127427283641,8.786543577621645,8.903372603371986,264,267,1
1764953328280706800,9.780706787109375,-0.0852308903008699,-0.053706455746293,0.1075095037348568,0.1473328932846383,8.796479468336432,8.913306340851095,264,267,1
1764953328290638000,9.79063818359375,-0.125727443601191,-0.0815542476147413,0.0735420325428713,0.166933866932489,8.806415847577446,8.92324056675056,264,268,1
1764953328300570000,9.800570068359375,-0.0771311704754829,-0.0734907681465148,0.0948106195509433,0.1426154411040982,8.81635271534469,8.933175281070387,264,268,1
1764953328310500900,9.8105009765625,0.0993161142766475,-0.022784663259983,0.1645613609189167,0.193554315225388,8.826288606059475,8.943109018549492,265,268,1
1764953328320431900,9.820431884765624,0.3796285549119114,0.0559492662370204,0.1593702950818464,0.415508184096826,8.836224496774259,8.953042756028598,265,269,1
1764953328330363000,9.83036279296875,0.3524520864337682,0.0263052386015653,0.1787660830885171,0.3960703867650449,8.846160387489045,8.962976493507705,265,269,1
1764953328340295000,9.840294921875,0.0527121840119361,0.0333510654598474,0.0308777432820294,0.0696010268660323,8.856097499519404,8.972911452037712,266,269,1
1764953328350226000,9.850225830078124,-0.1548164677023887,0.0419090504467487,-0.0633560992942657,0.1724485502953786,8.866033390234188,8.982845189516818,266,269,1
1764953328360157000,9.860156982421875,-0.1212871230661869,0.0093757311105728,-0.109645145790372,0.1637697424768142,8.87596952521209,8.992779171206106,266,270,1
1764953328370088700,9.870088623046875,0.0682785864561796,-0.0482861842632293,-0.1290349150482099,0.1537645286165026,8.88590614871622,9.00271364131575,267,270,1
1764953328380020000,9.88002001953125,0.1898398502886295,-0.0335199922859668,-0.0635203590784221,0.2029719060804037,8.895842527957234,9.012647867215216,267,270,1
1764953328389951000,9.889950927734375,0.1786766512393951,0.0331061507880687,0.031686849441519,0.1844598041462049,8.90577841867202,9.022581604694324,267,271,1
1764953328399881700,9.8998818359375,0.0237307119384408,0.0547854831546545,0.1053853511877357,0.1211225334054591,8.915714309386804,9.032515342173433,267,271,1
1764953328409813800,9.909813720703124,-0.1057470241069793,0.0253717571437358,0.1162849491310305,0.1592116470690794,8.925651177154046,9.042450056493257,268,271,1
1764953328419745000,9.9197451171875,-0.1219105156615376,-0.0059667994499206,0.1093709502251818,0.1638895398666332,8.935587556395062,9.052384282392724,268,272,1
1764953328429675800,9.92967578125,-0.088964523871243,0.0147346277952194,0.0860726109551731,0.1246606999841618,8.945523202846733,9.062317775661649,268,272,1
1764953328439606800,9.939606689453123,0.0571259088009595,0.0622831454336643,0.0698838479620404,0.1096645424347728,8.955459093561517,9.072251513140754,269,272,1
1764953328449539000,9.9495390625,0.1537500075146556,0.1058551606565713,0.0550707115705125,0.1946205619179734,8.96539644985499,9.08218671588094,269,272,1
1764953328459469800,9.9594697265625,0.110697339990735,0.1251812078952789,0.0567340690723154,0.1764737671288502,8.975332096306662,9.092120209149869,269,273,1
1764953328469400800,9.96940087890625,-0.0280336698293685,0.0730892016083002,0.0153406308643519,0.0797700005713746,8.985268231284563,9.102054190839157,270,273,1
1764953328479332900,9.979332763671875,-0.1221720892071723,0.0230430219352245,-0.0624585476663429,0.13913328292591,8.995205099051807,9.11198890515898,270,273,1
1764953328489264000,9.98926416015625,-0.0972176806926727,-0.02528933955729,-0.126766449526418,0.1617422667704402,9.00514147829282,9.121923131058448,270,274,1
1764953328499195000,9.99919482421875,-0.0054994741991162,-0.0492050526738166,-0.1657913776379078,0.1730264786793488,9.015077124744492,9.131856624327373,270,274,1
1764953328509126000,10.0091259765625,0.0621615648806095,-0.0087502926886081,-0.1099015499705448,0.1265661031100771,9.02501325972239,9.14179060601666,271,274,1
1764953328519058000,10.019057861328124,0.0883370396226644,0.0723690706402063,-0.0479744970987085,0.1238639064719716,9.034950127489637,9.151725320336483,271,275,1
1764953328528989000,10.028989013671875,0.1146145134344697,0.0695054979026317,0.0153853011231403,0.1349229721699113,9.044886262467536,9.161659302025772,271,275,1
1764953328538920000,10.038919921875,0.1202230009660124,0.0415472313970327,0.0285084934000391,0.1303551939662262,9.05482215318232,9.17159303950488,272,275,1
1764953328548851000,10.048850830078123,0.0929226138472557,0.0481914917171001,0.0007094086446799,0.1046782465402944,9.064758043897104,9.181526776983985,272,275,1
1764953328558782700,10.05878271484375,0.0571761776834726,0.064829322785139,-0.0087981869509443,0.0868870789064492,9.07469491166435,9.191461491303812,272,276,1
1764953328568714000,10.0687138671875,0.0217538589075207,0.0541705661267042,0.010911123984307,0.059386305142321,9.08463104664225,9.201395472993095,273,276,1
1764953328578645000,10.07864501953125,-0.0074921093210577,0.0359247153401374,0.0259623891138006,0.0449528922634014,9.09456718162015,9.211329454682383,273,276,1
1764953328588576800,10.08857666015625,-0.0380678648486733,-0.0003641571372747,0.0411124749752692,0.0560315138395315,9.10450380512428,9.22126392479203,273,277,1
1764953328598507800,10.0985078125,-0.0198445181548595,-0.0265209271788597,0.0616694157158024,0.0700020093565419,9.11443994010218,9.231197906481317,273,277,1
1764953328608439000,10.10843896484375,-0.0145139707818627,-0.0196375974059104,0.0579991205720696,0.0629300291344827,9.12437607508008,9.241131888170605,274,277,1
1764953328618369800,10.118369873046875,0.0045288756012916,-0.0075029229760169,0.0279855472381692,0.029325678536324,9.134311965794865,9.25106562564971,274,278,1
1764953328628301800,10.1283017578125,0.0314677359312772,0.0304261179238557,0.0191407355333678,0.0477737879314095,9.14424883356211,9.261000339969536,274,278,1
1764953328638232800,10.13823291015625,0.0433683093443512,0.0843248813718557,-0.0040993342107627,0.0949120667498943,9.154184968540008,9.270934321658824,275,278,1
1764953328648163800,10.148163818359375,0.0550485180050134,0.111157943239808,-0.0194151320279575,0.1255522800729468,9.164120859254794,9.28086805913793,275,278,1
1764953328658094800,10.1580947265625,0.0654155982404947,0.1082972931116819,-0.0438284285362344,0.1338971072743364,9.174056749969578,9.290801796617036,275,279,1
1764953328668027000,10.16802685546875,0.0974494436219334,0.1001519805788993,-0.0397223997232038,0.1452745067651946,9.183993861999936,9.30073675514704,276,279,1
1764953328677958000,10.1779580078125,0.1054702529922127,0.1048947911918163,-0.0252077348215971,0.150871870738889,9.193929996977838,9.310670736836329,276,279,1
1764953328687889000,10.187888916015623,0.1049964980006217,0.0578320112437009,-0.0282860462883953,0.1231621148385953,9.203865887692622,9.320604474315433,276,280,1
1764953328697821000,10.197821044921875,0.0818432936891913,0.0294885448127984,0.0049570561517961,0.0871347887055663,9.213802999722985,9.33053943284544,276,280,1
1764953328707752000,10.207751953125,0.0661038727656006,0.005635960060358,0.0388598372102715,0.0768867543106188,9.223738890437769,9.340473170324548,277,280,1
1764953328717683000,10.217682861328123,0.0275113995209336,-0.0161567695528268,0.0486881526602432,0.0582104330464112,9.233674781152551,9.350406907803652,277,281,1
1764953328727614000,10.227614013671875,-0.0315527838662266,-0.0320937588751316,0.0597887439351994,0.0748350280937526,9.243610916130454,9.36034088949294,277,281,1
1764953328737546000,10.2375458984375,-0.1200143266513943,-0.0467348631680011,0.048958768028859,0.1377844222102882,9.253547783897696,9.370275603812765,278,281,1
1764953328747476700,10.247476806640623,-0.1427218330219388,-0.0322276143878698,-0.0050957157038152,0.1464039175323171,9.26348367461248,9.380209341291872,278,281,1
1764953328757408000,10.257407958984375,-0.1128361055850982,0.0175151984244585,0.0140933250838425,0.1150538600455388,9.273419809590385,9.39014332298116,278,282,1
1764953328767339000,10.267339111328123,0.0889729994386434,0.0566775805115699,0.0993827223726082,0.1449326335507129,9.28335594456828,9.400077304670443,279,282,1
1764953328777270800,10.277270751953123,0.3598635317340493,0.1141267299175262,0.1450937041192781,0.4044488285665118,9.29329256807241,9.41001177478009,279,282,1
1764953328787201800,10.287201904296875,0.2851449753582477,0.1082400099664926,0.0826057294290512,0.3159861757484142,9.303228703050312,9.419945756469378,279,283,1
1764953328797133000,10.297133056640623,-0.0277060453101992,0.1093850883483886,-0.0303183467004448,0.1168414508912139,9.313164838028207,9.429879738158665,279,283,1
1764953328807065000,10.307065185546875,-0.2055637813821434,0.1073772556573152,-0.1206896777628455,0.2614428074495865,9.32310195005857,9.43981469668867,280,283,1
1764953328816995600,10.31699560546875,-0.1333063544228672,0.0729518389642238,-0.1688263248870149,0.2271450701922298,9.333037352247125,9.449747945747417,280,283,1
1764953328826926600,10.326926513671877,0.0447369673490524,0.0212520468652248,-0.18270411665719,0.1892982831064138,9.342973242961913,9.459681683226526,280,284,1
1764953328836857600,10.336857666015623,0.1420434953689575,0.0122089087098836,-0.1514023575431201,0.2079617414288794,9.35290937793981,9.469615664915809,281,284,1
1764953328846789600,10.34678955078125,0.1038932129338383,0.0419639955043792,-0.06186267326558,0.127991276874525,9.362846245707054,9.479550379235636,281,284,1
1764953328856720600,10.356720703125,0.0074047232985496,0.0351379488766193,0.0078694821329321,0.0367618569637679,9.372782380684956,9.489484360924925,281,285,1
1764953328866651600,10.366651611328123,-0.0791480632558465,-0.0051402854979038,0.0761921086602378,0.1099821616183503,9.38271827139974,9.499418098404028,281,285,1
1764953328876582700,10.376582763671877,-0.0659773237764835,-0.0308013809770345,0.0879504605910275,0.11417975232489,9.392654406377645,9.509352080093318,282,285,1
1764953328886514700,10.3865146484375,0.0209802441865205,-0.0022848960667848,0.0941393326932564,0.0964759314860118,9.402591274144884,9.51928679441314,282,286,1
1764953328896445700,10.39644580078125,0.1477948985025286,0.0216512753158807,0.0993151187628041,0.1793755907615266,9.412527409122784,9.529220776102427,282,286,1
1764953328906376700,10.406376708984377,0.1546782282754778,0.0427864178031682,0.1132398092814721,0.1964161048818865,9.422463299837572,9.539154513581536,283,286,1
1764953328916308700,10.416308837890623,0.1035638348489999,0.0599006342113018,0.1075410953163635,0.1608683966768808,9.432400411867926,9.54908947211154,283,286,1
1764953328926239700,10.42623974609375,-0.0328869550794363,0.0290624283552169,0.0967553695437032,0.1062439555543633,9.442336302582712,9.559023209590649,283,287,1
1764953328936170500,10.43617041015625,-0.1294075934186577,0.0238116682201623,0.012417309029866,0.1321647091374202,9.452271949034383,9.568956702859571,284,287,1
1764953328946101800,10.446101806640623,-0.0728816963374614,0.027948914155364,-0.0166410642047412,0.0798110799410467,9.462208328275397,9.57889092875904,284,287,1
1764953328956033800,10.45603369140625,0.0415796723619103,0.0569014523953199,-0.0617583269751165,0.0937055782180872,9.47214519604264,9.588825643078865,284,288,1
1764953328965964500,10.465964599609377,0.125843178935349,0.1002086792021989,-0.0431372953337617,0.1665506268997978,9.48208108675743,9.598759380557976,284,288,1
1764953328975895600,10.4758955078125,0.142973177434504,0.1321732587397098,-0.0296116232031956,0.1969465613315461,9.492016977472211,9.60869311803708,285,288,1
1764953328985826800,10.485826904296877,0.1363487908586859,0.1192775368094444,-0.0196683213377371,0.1822222994592004,9.50195335671323,9.618627343936549,285,289,1
1764953328995758800,10.4957587890625,0.0874739930525422,0.0780529614955186,-0.0158663991709705,0.1183034525338533,9.51189022448047,9.628562058256373,285,289,1
1764953329005689600,10.505689697265623,0.0237508779436349,0.0327799875736236,-0.0422329669051803,0.0585000451455758,9.521826115195257,9.638495795735476,286,289,1
1764953329015620600,10.51562060546875,-0.0477554383873939,-0.0099725279599428,-0.0091407076451461,0.0496345217136022,9.531762005910045,9.648429533214586,286,289,1
1764953329025551600,10.525551513671877,-0.0980474095150828,-0.0652519321113824,0.0156950520589016,0.1188168498825753,9.541697896624829,9.658363270693696,286,290,1
1764953329035483600,10.535483642578123,-0.1488733413890004,-0.0774222623765468,0.0337592809345573,0.1711641537736423,9.551635008655184,9.668298229223696,287,290,1
1764953329045414700,10.54541455078125,-0.1291840137958526,-0.0577753126204013,0.0525578793662134,0.1509596861823234,9.56157089936997,9.678231966702803,287,290,1
1764953329055345700,10.555345703125,-0.0945049146026372,-0.0123830962330102,0.0742384081760421,0.1208133320659619,9.571507034347873,9.688165948392092,287,291,1
1764953329065277700,10.565277587890623,-0.0414691977247595,0.0195259537249803,0.0479688436760567,0.0663473224209028,9.581443902115112,9.698100662711914,287,291,1
1764953329075208700,10.575208740234377,-0.0011649521261453,0.0506447300881147,0.0454346764227841,0.0680481860213576,9.591380037093018,9.708034644401204,288,291,1
1764953329085139700,10.5851396484375,0.0381660645261406,0.0983498995929956,0.0362988915479276,0.111565948026152,9.601315927807802,9.717968381880311,288,292,1
1764953329095070700,10.59507080078125,0.0722013128578662,0.1105021096795797,0.0134791295750997,0.1326854655044766,9.611252062785702,9.727902363569598,288,292,1
1764953329105002800,10.605002685546877,0.077046999323368,0.1252449207812547,-0.0274753509600181,0.1495908593351011,9.621188930552949,9.737837077889424,289,292,1
1764953329114933800,10.614933837890623,0.0587929652303457,0.079686115655303,-0.0664393152650445,0.119250460802862,9.631125065530844,9.747771059578708,289,292,1
1764953329124864500,10.624864501953123,0.0398030180782079,0.0422486576646566,-0.087198253984237,0.1047509657258538,9.641060711982512,9.757704552847631,289,293,1
1764953329134795800,10.634795654296877,0.0178340551152825,0.0135842887163162,-0.0859622915816493,0.0888375033178649,9.650996846960416,9.767638534536925,290,293,1
1764953329144727800,10.644727783203123,0.0050897243544459,-0.0053249944150447,-0.0413843141865916,0.0420347751298734,9.660933958990771,9.777573493066926,290,293,1
1764953329154658600,10.654658447265623,0.0189332485288381,0.00697509970963,-0.0318931217364966,0.0377397817947192,9.670869605442444,9.787506986335853,290,294,1
1764953329164589600,10.664589599609377,0.0400195834383368,-0.0024146599262952,-0.0248258593645412,0.0471563456421894,9.680805740420348,9.797440968025144,290,294,1
1764953329174521600,10.674521484375,0.0736313456609845,0.0122702835083007,-0.0026228684500325,0.0746927999215964,9.690742608187588,9.807375682344963,291,294,1
1764953329184452900,10.684452880859377,0.0395639486253261,0.0367494757264852,0.0420867542343679,0.0684625801367656,9.700678987428605,9.817309908244434,291,295,1
1764953329194383600,10.694383544921877,-0.0075900167375802,0.0450654686510562,0.0689960962089244,0.082758480597986,9.710614633880276,9.827243401513362,291,295,1
1764953329204314600,10.704314697265623,-0.0776902656629681,0.0589022708237171,0.0386013963366392,0.1048585842270978,9.720550768858171,9.837177383202643,292,295,1
1764953329214246700,10.71424658203125,-0.1280392276749014,0.0754167677730321,0.0711819934472208,0.1647683491330688,9.730487636625416,9.847112097522473,292,295,1
1764953329224177700,10.724177734375,0.023215455892682,0.0697176793485879,0.1173551904447376,0.1384620992559993,9.740423771603318,9.85704607921176,292,296,1
1764953329234108700,10.734108642578123,0.3387161142870784,0.1117255139946937,0.1850940074684098,0.4018345283270607,9.7503596623181,9.866979816690865,293,296,1
1764953329244039400,10.744039306640625,0.3519552428275346,0.1695055027902126,0.1141518095598556,0.4069831004547254,9.760295308769772,9.876913309959791,293,296,1
1764953329253971500,10.753971435546877,0.0651215837299823,0.1643283924132585,-0.0043129449954023,0.1768141473840833,9.770232420800134,9.8868482684898,293,297,1
1764953329263902700,10.76390283203125,-0.1578179876059293,0.2123755072236061,-0.1168104525761678,0.2892309719091618,9.780168800041148,9.896782494389264,293,297,1
1764953329273833700,10.773833740234377,-0.1518985344290733,0.0897457373768091,-0.1961941877514123,0.2638553039952844,9.790104690755934,9.906716231868373,294,297,1
1764953329283765500,10.783765625,-0.010790858605504,-0.1055284129202365,-0.1641927833348512,0.1954787933821807,9.800041558523176,9.916650946188197,294,297,1
1764953329293696800,10.79369677734375,0.1379667474493384,-0.1125853456944227,-0.1409989638852421,0.2271365036351356,9.809977693501075,9.926584927877483,294,298,1
1764953329303627800,10.803627685546877,0.1782370907783508,0.0307154562592506,-0.1973083230057731,0.2676611180386394,9.819913584215865,9.93651866535659,295,298,1
1764953329313558500,10.81355859375,0.0781982151851058,0.105962128162384,-0.0873782593267969,0.1580439611811175,9.829849474930649,9.946452402835698,295,298,1
1764953329323490600,10.823490478515623,0.0107093178018927,0.0311707988113164,0.082087514241226,0.0884571544908662,9.839786342697888,9.95638711715552,295,299,1
1764953329333421800,10.833421875,-0.0220782685562968,-0.0621913754969835,0.101291396404989,0.1208931930024324,9.849722721938909,9.96632134305499,295,299,1
1764953329343352600,10.8433525390625,-0.0161927176490426,-0.152740245950222,0.0998318543795961,0.1831889352189831,9.859658368390576,9.976254836323916,296,299,1
1764953329353283600,10.85328369140625,0.0024146599262952,-0.1873252371191978,0.0924979952270165,0.2089316973686389,9.869594503368477,9.986188818013202,296,300,1
1764953329363215600,10.863215576171877,-0.000965922422707,-0.1164817686110734,0.0723664037590846,0.137134356810805,9.87953137113572,9.99612353233303,296,300,1
1764953329373147000,10.87314697265625,-0.0341729032367467,-0.0170183548182249,0.0687629587399074,0.078649578581282,9.889467750376737,10.006057758232494,297,300,1
1764953329383077600,10.88307763671875,-0.0978612392932176,0.0269786078184843,0.0821182747056707,0.1305682904707876,9.899403396828406,10.015991251501422,297,300,1
1764953329393009700,10.893009765625,-0.1604284623652696,0.0269014509290456,0.053867879685969,0.1713555603440827,9.909340508858763,10.025926210031423,297,301,1
1764953329402940700,10.902940673828123,-0.1166463115230202,0.0004752162963151,-0.0173393121345899,0.1179289598349552,9.919276399573548,10.03585994751053,298,301,1
1764953329412871700,10.91287158203125,0.0362698755159974,0.0118511813133955,-0.0739050845684483,0.0831740097238218,9.929212290288335,10.04579368498964,298,301,1
1764953329422802700,10.922802734375,0.1419768598735332,0.0469049590378999,-0.0874264367169234,0.1732076377037518,9.939148425266236,10.055727666678926,298,302,1
1764953329432734700,10.932734619140623,0.156643683129549,0.0611830752372741,-0.0890078332900069,0.1902708767700988,9.949085293033477,10.06566238099875,298,302,1
1764953329442665500,10.94266552734375,0.1332888187661766,0.0400835885852575,-0.0694899989394005,0.1555681948039275,9.959021183748265,10.07559611847786,299,302,1
1764953329452596700,10.9525966796875,0.0889890737906098,0.0263344646960496,-0.0701977179504931,0.1163627040352494,9.968957318726163,10.085530100167146,299,303,1
1764953329462527700,10.96252783203125,0.019278408704698,0.003864274212718,-0.0671618482527788,0.0699807367645249,9.978893453704064,10.095464081856433,299,303,1
1764953329472459500,10.97245947265625,-0.0183551563799381,-0.018254618614912,-0.070126748773246,0.0747522826408253,9.988830077208194,10.10539855196608,300,303,1
1764953329482390500,10.982390625,-0.0418722255676984,0.0083843819856643,-0.0313715912135783,0.0529882805018771,9.998766212186094,10.115332533655366,300,303,1
1764953329492321800,10.99232177734375,-0.0197346280395984,0.0455512063413858,0.0210852160980692,0.053934722405136,10.008702347163991,10.125266515344652,300,304,1
1764953329502253800,11.00225390625,-0.0023866028755903,0.0561485882014036,0.0450213418149622,0.0720088956248895,10.018639459194352,10.135201473874655,301,304,1
1764953329512184600,11.0121845703125,-0.0003466214805841,0.0826870510369539,0.067805306388624,0.1069337558028043,10.028575105646024,10.145134967143584,301,304,1
1764953329522115600,11.022115478515625,0.0136851187422871,0.0657411769330501,0.0665528129763435,0.0945434383476571,10.038510996360808,10.155068704622687,301,305,1
1764953329532046600,11.032046630859377,0.0202946000099182,0.0698380908578634,0.021495495665702,0.0758372339827077,10.048447131338708,10.165002686311976,301,305,1
1764953329541978600,11.041978515625,0.0263061153843998,0.0787836138576269,0.0006370329616358,0.0830618765143144,10.058383999105953,10.174937400631803,302,305,1
1764953329551909600,11.05190966796875,0.0618961919426918,0.0695990214049816,-0.0322211298481561,0.098556397895973,10.068320134083852,10.18487138232109,302,306,1
1764953329561841000,11.0618408203125,0.0985398692071437,0.0610638327717781,-0.0590606579895131,0.1301040307534509,10.078256269061752,10.194805364010376,302,306,1
1764953329571771600,11.071771728515625,0.1088750929996371,0.0685766926199197,-0.0661416840253397,0.1446764355797946,10.088192159776536,10.204739101489482,303,306,1
1764953329581703700,11.08170361328125,0.088080434513092,0.0742418787747621,-0.080062840013206,0.1402857008358363,10.09812902754378,10.214673815809308,303,306,1
1764953329591634700,11.091634765625,0.0621095424324274,0.08256371691823,-0.0438837845858186,0.1122503860220251,10.10806516252168,10.224607797498594,303,307,1
1764953329601565700,11.101565673828125,0.0414335418894886,0.0655658203661441,-0.0105130691440077,0.0782696608950119,10.118001053236464,10.2345415349777,304,307,1
1764953329611496700,11.11149658203125,0.017722995956242,0.056992637810111,0.0007279215489048,0.0596891549613564,10.127936943951251,10.244475272456809,304,307,1
1764953329621428700,11.1214287109375,-0.0292082665666937,0.0172422267019748,0.0064275168634252,0.0345214453710001,10.13787405598161,10.254410230986814,304,308,1
1764953329631359500,11.131359375,-0.0546025278031826,-0.0163303725540637,0.0577693258376093,0.0811505521730057,10.14780970243328,10.26434372425574,304,308,1
1764953329641290800,11.141290771484377,-0.0729345955684781,-0.0468763174653053,0.0944371557292062,0.12819992493004,10.157746081674295,10.274277950155208,305,308,1
1764953329651222800,11.151222900390623,-0.0689122081845998,-0.0622919132620096,0.125587432342302,0.1562094045089847,10.16768319370465,10.284212908685207,305,309,1
1764953329661153500,11.161153564453125,-0.0748521196275949,-0.0746469524443149,0.1009649409295991,0.1461811431713578,10.177618840156324,10.29414640195414,305,309,1
1764953329671084500,11.17108447265625,-0.100671036016941,-0.0459650478392839,0.0639766058127861,0.1278297665135805,10.18755473087111,10.304080139433246,306,309,1
1764953329681015800,11.181015869140625,-0.028407763838768,-0.0023620529562234,0.0676811959517654,0.0734392580705203,10.197491110112123,10.314014365332712,306,309,1
1764953329690947800,11.19094775390625,0.1931552584469318,0.0591793341994285,0.127821246675821,0.2390594456693768,10.20742797787937,10.323949079652538,306,310,1
1764953329700878600,11.200878662109377,0.4091682453900575,0.1578741017073393,0.1130358111419714,0.4529017328582449,10.217363868594155,10.333882817131643,307,310,1
1764953329710809600,11.2108095703125,0.2645128139570355,0.2130108825176954,-0.0002982591440784,0.3396185415682626,10.22729975930894,10.343816554610752,307,310,1
1764953329720740600,11.22074072265625,0.0381707407012581,0.1935141548871994,0.0099393768923007,0.1974931006399891,10.237235894286838,10.35375053630004,307,311,1
1764953329730672600,11.230672607421877,-0.0999444753080606,0.0788175161272287,-0.1130346146987285,0.1702290313464759,10.247172762054085,10.363685250619865,307,311,1
1764953329740603600,11.240603759765625,-0.0699520726263523,-0.036656536746025,-0.1690702166454866,0.1866058206688283,10.257108897031982,10.37361923230915,308,311,1
1764953329750534700,11.25053466796875,-0.0061468321919441,-0.0742933167010545,-0.14770732981693,0.1654531224670191,10.267044787746768,10.383552969788257,308,312,1
1764953329760466700,11.260466796875,0.0483493126273155,-0.0053203182399272,-0.1382783706817776,0.1465840019105601,10.276981899777129,10.393487928318262,308,312,1
1764953329770397700,11.270397705078125,0.0140764561474323,0.0736164403527975,-0.0900540818067733,0.1171634096377729,10.286917790491913,10.403421665797367,309,312,1
1764953329780328700,11.28032861328125,-0.0175511465206742,0.0636959348410367,-0.0332301927262684,0.0739558014498437,10.296853681206697,10.413355403276476,309,312,1
1764953329790259700,11.290259765625,-0.0298018485456705,0.000704933398962,0.0190804315973189,0.0353936431831483,10.306789816184596,10.423289384965765,309,313,1
1764953329800191700,11.300191650390625,0.0033726913034915,-0.0608136574029922,0.0198790414789691,0.0640691209825742,10.31672668395184,10.433224099285589,310,313,1
1764953329810122800,11.310122802734377,0.0626022943854331,-0.0629962621390819,-0.0013835473298677,0.0888228039921637,10.326662818929742,10.443158080974875,310,313,1
1764953329820054500,11.320054443359377,0.1138239475786686,-0.0056932432055473,-0.0325624312662286,0.1185268576760426,10.336599442433872,10.453092551084522,310,314,1
1764953329829985500,11.329985595703125,0.0980772201314568,0.0395551807969808,-0.0263136548034613,0.1089778044636236,10.34653557741177,10.463026532773808,310,314,1
1764953329839917300,11.339917236328125,0.0536547255590558,0.0622036504566669,0.0216877805345226,0.08496165917322,10.3564722009159,10.472961002883451,311,314,1
1764953329849848600,11.3498486328125,-0.0392775328993797,0.0194616563171148,0.0743520291849272,0.0863116730296871,10.366408580156914,10.48289522878292,311,314,1
1764953329859779600,11.359779541015625,-0.1124561663568019,-0.0050847559183835,0.0648469223739113,0.1299129225126827,10.3763444708717,10.492828966262024,311,315,1
1764953329869710300,11.36971044921875,-0.0935047976493835,-0.0381476520866155,0.0429057881328277,0.1097237312456731,10.386280361586484,10.502762703741134,312,315,1
1764953329879642400,11.379642333984377,-0.045306583930552,-0.0355734176844358,-0.0035136569770285,0.0577104875959275,10.39621722935373,10.51269741806096,312,315,1
1764953329889573600,11.38957373046875,-0.0353290875345468,0.023575521376729,0.0041038048899034,0.042670725899411,10.406153608594744,10.522631643960423,312,316,1
1764953329899504400,11.39950439453125,-0.0169660401090979,0.0573258152872323,0.0005608122205361,0.0597863707351106,10.416089255046414,10.532565137229351,312,316,1
1764953329909436400,11.4094365234375,0.0441585829392075,0.0496790999263525,0.0052376517750206,0.0666740310226385,10.426026367076773,10.542500095759356,313,316,1
1764953329919367400,11.419367431640625,0.0781195969909429,0.0455897847861051,0.018699839348474,0.0923622428405105,10.435962257791555,10.552433833238464,313,317,1
1764953329929298700,11.429298583984377,0.1058864325776696,0.0332294849067926,0.0181042526420787,0.1124450943123991,10.44589839276946,10.562367814927752,313,317,1
1764953329939229400,11.4392294921875,0.0804883719488978,0.0365302800178527,0.0155723755273036,0.0897515362360456,10.455834283484243,10.572301552406858,314,317,1
1764953329949161500,11.449161376953125,0.049329263575375,0.0176508075028657,-0.006604275369551,0.0528066634388965,10.465771151251486,10.582236266726682,314,317,1
1764953329959092700,11.4590927734375,0.0323836817324161,-0.0004869067341089,0.0030265287639223,0.0325284459676909,10.475707530492503,10.592170492626147,314,318,1
1764953329969023500,11.4690234375,0.0227180277645587,0.001497545081377,0.0112921569078578,0.0254138591011616,10.485643176944173,10.602103985895075,315,318,1
1764953329978954500,11.47895458984375,0.0129758014291524,0.0007721534162759,0.0465913721772376,0.048370689523563,10.495579311922071,10.612037967584362,315,318,1
1764953329988886500,11.488886474609377,-0.0021925416082143,0.005050269126892,0.0550020393816288,0.0552769101261642,10.505516179689318,10.62197268190419,315,319,1
1764953329998817500,11.498817626953125,-0.0120431967541575,-0.0054565118402242,0.0684158029697835,0.069681663337797,10.515452314667217,10.631906663593474,315,319,1
1764953330008748500,11.50874853515625,0.0361105933010578,0.0138373866945505,0.0575485820592846,0.0693346054731916,10.525388205382002,10.641840401072582,316,319,1
1764953330018680600,11.5186806640625,0.0878384424507617,0.0457610496997833,0.0469679321383591,0.1096159308273907,10.535325317412362,10.651775359602588,316,320,1
1764953330028611300,11.528611328125,0.1205348433941602,0.0843318956345319,0.0210271977339405,0.1486023557616451,10.545260963864031,10.661708852871516,316,320,1
1764953330038542600,11.53854248046875,0.152701082983613,0.13226619772017,-0.0076895201728562,0.2021660122874469,10.555197098841932,10.6716428345608,317,320,1
1764953330048473600,11.5484736328125,0.2151636766374111,0.1958499043583869,-0.0695679321469739,0.2991526198523483,10.56513323381983,10.681576816250088,317,320,1
1764953330058405600,11.558405517578125,0.2084358296871185,0.1442857213377952,-0.0535836878831498,0.2591043729590147,10.575070101587077,10.691511530569912,317,321,1
1764953330068336400,11.56833642578125,0.1674181751221418,0.0575093551605939,-0.0306210514074889,0.1796491583100671,10.58500599230186,10.70144526804902,318,321,1
1764953330078267600,11.578267578125,0.1075017588198185,-0.0305576353490352,-0.0470052319414448,0.1212430990091727,10.59494212727976,10.711379249738306,318,321,1
1764953330088198400,11.588198486328125,0.0768862558037042,-0.0771247407346963,-0.0640416841053636,0.1263370858772591,10.604878017994546,10.721312987217413,318,322,1
1764953330098130400,11.59813037109375,0.03226443926692,-0.0459609561860561,-0.0572076870665885,0.0801631024490323,10.61481488576179,10.73124770153724,318,322,1
1764953330108061400,11.6080615234375,0.03631166883111,-0.0205564658164978,-0.0319887823970057,0.0525774455390144,10.624751020739687,10.741181683226523,319,322,1
1764953330117992700,11.61799267578125,-0.0081181322649121,-0.0224018014222383,0.0252669336459483,0.0347298533584689,10.63468715571759,10.751115664915812,319,323,1
1764953330127924500,11.627924560546877,0.0101648356616497,-0.0268032512515783,0.0335781567805679,0.0441500937084393,10.644624023484834,10.761050379235638,319,323,1
1764953330137855500,11.63785546875,-0.0109705990865826,-0.0281803848236799,0.0379501407701172,0.0485252647349906,10.654559914199618,10.770984116714745,320,323,1
1764953330147786500,11.647786376953125,0.0173667298644781,-0.0038531682968139,0.0601894976226612,0.0627632522753375,10.664495804914404,10.78091785419385,320,323,1
1764953330157717500,11.657717529296876,0.2362684239864349,0.0317523980915546,0.1015933932925574,0.2591374162838986,10.674431939892305,10.79085183588314,320,324,1
1764953330167649500,11.6676494140625,0.4053670995414257,0.0876823751062154,0.0174418021113961,0.4151083000323991,10.684368807659547,10.800786550202965,321,324,1
1764953330177580500,11.67758056640625,0.2740986806869506,0.0954208604037761,0.1098064007666893,0.3103106073015529,10.694304942637448,10.81072053189225,321,324,1
1764953330187511600,11.687511474609376,0.0447498268306255,0.0625625468969345,0.1019433666408527,0.1277069664414334,10.704240833352234,10.820654269371357,321,325,1
1764953330197442600,11.697442626953125,-0.0912716317698359,-0.0378676661014556,-0.0676555683201644,0.1197570324725202,10.714176968330133,10.83058825106064,321,325,1
1764953330207374600,11.70737451171875,-0.0681450232043862,-0.1371335114955902,-0.080704005727265,0.1730967379908238,10.724113836097375,10.840522965380467,322,325,1
1764953330217305300,11.717305419921876,0.0235217453628778,-0.1443400818735361,-0.0957409592036157,0.1747960611953358,10.734049726812165,10.850456702859576,322,326,1
1764953330227236600,11.727236572265625,0.0833127817198634,-0.0365524918496608,-0.1108119884795043,0.1433750363525774,10.743985861790062,10.86039068454886,322,326,1
1764953330237167600,11.737167724609376,0.0701882194697856,0.0626508097022771,-0.0956682227609679,0.1341786829378344,10.753921996767962,10.87032466623815,323,326,1
1764953330247099600,11.747099609375,0.0348515331506729,0.0843786573857068,-0.0655934207591228,0.1124138960807349,10.763858864535209,10.880259380557971,323,326,1
1764953330257030400,11.757030517578125,0.0196785139381885,0.0174573307573795,0.0139205657577549,0.0297621312913575,10.773794755249993,10.89019311803708,323,327,1
1764953330266961700,11.766961669921876,0.020479601188004,-0.049793666216731,0.0156073863335361,0.0560572365380881,10.783730890227892,10.900127099726369,324,327,1
1764953330276893700,11.776893798828125,0.0401467169493436,-0.0888350522726774,-0.0003092594578833,0.0974860043058096,10.793668002258247,10.910062058256372,324,327,1
1764953330286824400,11.786824462890625,0.0754980163156986,-0.0489127917289733,0.0377551776037318,0.0975595464227706,10.80360364870992,10.919995551525298,324,328,1
1764953330296755500,11.79675537109375,0.0771232794299721,-0.0069879591912031,0.0807447669959161,0.1118773846714172,10.813539539424706,10.929929289004406,324,328,1
1764953330306686700,11.806686767578125,0.0612678309112787,0.0143973586648702,0.1159447847906965,0.1319250702529996,10.82347591866572,10.939863514903871,325,328,1
1764953330316618500,11.816618408203125,0.0324392113119363,0.0225906019926071,0.1335992729548364,0.1393248128044309,10.83341254216985,10.949797985013518,325,328,1
1764953330326549500,11.826549560546876,0.0048149990662932,0.0296159705847501,0.0901479615021497,0.0950102357258324,10.843348677147752,10.959731966702806,325,329,1
1764953330336480500,11.83648046875,0.0699362905353307,0.0163414784699678,0.04339325655594,0.0839112827154741,10.853284567862536,10.969665704181912,326,329,1
1764953330346411500,11.84641162109375,0.1531044030874967,0.0081166709601879,-0.0111801981330965,0.1537264955124845,10.863220702840437,10.979599685871198,326,329,1
1764953330356343600,11.856343505859376,0.1660293511122465,0.0207061034202575,-0.0364662657377775,0.1712433259618086,10.87315757060768,10.989534400191024,326,330,1
1764953330366274600,11.866274658203125,0.1627449226140976,0.0456762940257787,-0.0349031080742832,0.1725991327493944,10.883093705585578,10.999468381880307,326,330,1
1764953330376205600,11.87620556640625,0.1677647966027259,0.0394435371160507,-0.0392800445168744,0.176758992689557,10.893029596300364,11.009402119359416,327,330,1
1764953330386137600,11.8861376953125,0.100807229617238,0.0198871882528066,0.0008645575363741,0.102753808977764,10.902966708330723,11.019337077889425,327,331,1
1764953330396068600,11.896068603515625,0.0636132249936461,0.0054185179173946,0.0110440342155518,0.0647917697108795,10.912902599045507,11.029270815368529,327,331,1
1764953330405999400,11.905999267578125,0.0256236860781908,0.0044271687924861,0.0058831557374796,0.0266605445027342,10.92283824549718,11.039204308637457,328,331,1
1764953330415930600,11.9159306640625,0.0210021637573838,0.007525134807825,0.0216984708918957,0.0311214102414133,10.932774624738194,11.049138534536922,328,331,1
1764953330425862700,11.925862548828125,0.0114463999047875,0.0284276375830173,0.0352067101137596,0.0466761511520176,10.942711492505437,11.059073248856746,328,332,1
1764953330435793700,11.935793701171876,0.0479319639980792,0.0348357510596513,0.0380535326459328,0.0704206934887624,10.95264762748334,11.069007230546037,329,332,1
1764953330445724400,11.945724365234376,0.0431187184974551,0.0036398178070783,0.0595169869222678,0.073584943370481,10.962583273935008,11.078940723814965,329,332,1
1764953330455655700,11.95565576171875,-0.004203589169681,-0.0193225401073694,0.0369627531509846,0.0419198740290208,10.972519653176024,11.088874949714429,329,333,1
1764953330465587700,11.965587646484376,-0.0407213019669055,-0.0337169761627912,0.0243375118753057,0.0582011460344448,10.982456520943268,11.098809664034254,329,333,1
1764953330475518500,11.9755185546875,-0.0809957369491457,-0.0359860901385545,-0.0105328698230208,0.0892538482873656,10.992392411658052,11.10874340151336,330,333,1
1764953330485449500,11.985449462890625,-0.079329849563539,0.0090635964214801,-0.035740405998507,0.0874800001874903,11.002328302372836,11.118677138992464,330,334,1
1764953330495380700,11.995380615234374,-0.0100029230982065,0.0117576578110456,-0.0154549254433833,0.0218438940706736,11.012264437350735,11.128611120681752,330,334,1
1764953330505312500,12.0053125,0.0662307140156626,0.0542985764205455,0.0064886604788684,0.0858891471324074,11.02220130511798,11.13854583500158,331,334,1
1764953330515243500,12.015243408203125,0.1264662792697548,0.1016729065358638,-0.0042385971218027,0.1623239520876295,11.032137195832766,11.148479572480683,331,334,1
1764953330525174500,12.025174560546876,0.1700833026781678,0.1238578503370285,-0.0073458812380471,0.2105304227687449,11.042073330810668,11.158413554169972,331,335,1
1764953330535106300,12.035106201171876,0.1606827293872833,0.1179711303859949,-0.0053463054894877,0.1994109077013673,11.052009954314796,11.16834802427962,332,335,1
1764953330545037600,12.04503759765625,0.1252510582610964,0.1126245086610317,-0.016432096487534,0.1692398337910995,11.061946333555811,11.178282250179084,332,335,1
1764953330554968600,12.054968505859376,0.0524579169899225,0.0753314275771379,-0.0177755812350718,0.0935020231009779,11.071882224270595,11.188215987658191,332,336,1
1764953330564899300,12.0648994140625,0.0231435597002506,0.0222428114682435,-0.0282799499077489,0.0427799320288809,11.08181811498538,11.1981497251373,332,336,1
1764953330574831400,12.074831298828125,0.0118868371486663,-0.0297328749626874,0.0070664232633833,0.0327913874162561,11.091754982752624,11.208084439457124,333,336,1
1764953330584762600,12.0847626953125,-0.0108329441815614,-0.0430751716166734,0.0098677558361494,0.0454994032344222,11.10169136199364,11.21801866535659,333,337,1
1764953330594693400,12.094693359375,-0.026149171257019,-0.0624783757448196,0.0023305001906235,0.0677698887728043,11.11162700844531,11.227952158625516,333,337,1
1764953330604624400,12.104624267578124,-0.0384720617353916,-0.044922260788083,-0.0057852700121991,0.0594270847139448,11.121562899160097,11.237885896104624,334,337,1
1764953330614556700,12.114556640625,-0.0741188369169831,-0.0128010293841361,-0.0054138154844578,0.0754107269380133,11.131500255453568,11.24782109884481,334,337,1
1764953330624487700,12.12448779296875,0.0446101260989904,0.057227615609765,0.0219705110326176,0.0758140270265418,11.141436390431467,11.257755080534096,334,338,1
1764953330634418400,12.13441845703125,0.2904714310780167,0.1056073233753442,0.1036027786199003,0.32597560454853,11.15137203688314,11.267688573803024,335,338,1
1764953330644350500,12.1443505859375,0.3625634383425116,0.1133943239897489,0.0679547795956023,0.3859123885102981,11.161309148913498,11.277623532333028,335,338,1
1764953330654281700,12.15428173828125,0.1636044620528817,0.0994692590117454,-0.0068755414754268,0.1915928666796831,11.171245283891398,11.287557514022314,335,339,1
1764953330664212500,12.16421240234375,-0.0986190719231963,0.1178676700115203,-0.0913990758080966,0.1788079976944862,11.181180930343068,11.297491007291242,335,339,1
1764953330674143500,12.1741435546875,-0.2013046626329422,0.0869102216899394,-0.1384476171683054,0.2593158239127314,11.191117065320968,11.307424988980529,336,339,1
1764953330684075500,12.184075439453125,-0.1147255725935101,0.0096890348434448,-0.1183308853427879,0.1651000691372182,11.201053933088213,11.317359703300353,336,340,1
1764953330694006500,12.194006591796876,0.0109855043947696,-0.0259802444308996,-0.0793786936739459,0.0842415064969693,11.210990068066112,11.32729368498964,336,340,1
1764953330703937500,12.2039375,0.0581289483636617,0.0146720839530229,-0.0128131582133471,0.0613059679704192,11.220925958780898,11.337227422468748,337,340,1
1764953330713868500,12.21386865234375,0.0336366044029593,0.0505529601514339,0.0380969470959738,0.0716826360694629,11.230862093758798,11.347161404158031,337,340,1
1764953330723800300,12.22380029296875,-0.0113216044813394,0.0317231719970703,0.0809870695855002,0.0877122785568488,11.240798717262928,11.35709587426768,337,341,1
1764953330733731600,12.233731689453125,-0.0075941083908081,-0.0171223997145891,0.0443407254399266,0.0481346755133599,11.25073509650394,11.367030100167144,338,341,1
1764953330743662600,12.24366259765625,0.0074704820111393,-0.017823825982213,0.0241399822924984,0.0309230596675863,11.260670987218727,11.376963837646253,338,341,1
1764953330753593300,12.25359326171875,0.0485337292835116,-0.0077612816512584,0.0068159316591219,0.0496207345312135,11.270606633670395,11.38689733091518,338,342,1
1764953330763525400,12.263525390625,0.0714472796201705,0.0257008429676294,-0.0077648161820601,0.0763252216813731,11.280543745700756,11.396832289445184,338,342,1
1764953330773456600,12.27345654296875,0.052130584731698,0.0694786098957061,0.0015970393834984,0.086875920900448,11.290479880678657,11.40676627113447,339,342,1
1764953330783387400,12.283387451171874,0.0043114334583282,0.0534381601989269,0.0410538355566328,0.0675251274550653,11.30041577139344,11.416700008613578,339,343,1
1764953330793319400,12.2933193359375,-0.0745046213641762,0.0431815546005964,0.0319323189524351,0.0918436620351322,11.310352639160683,11.426634722933404,339,343,1
1764953330803250400,12.30325048828125,-0.081086630102992,0.0267921453356742,0.0233906708956928,0.088543684800769,11.320288774138586,11.43656870462269,340,343,1
1764953330813181700,12.313181640625,0.0413350499510765,0.0563806433916091,0.018728023121698,0.0723747342223558,11.330224909116485,11.446502686311977,340,343,1
1764953330823112200,12.3231123046875,0.1186810322210192,0.073604165393114,0.0218468138710013,0.1413507829782971,11.340160555568156,11.456436179580905,340,344,1
1764953330833044000,12.3330439453125,0.1044540616869926,0.1022854854762554,0.0402164303178433,0.1516256337481669,11.350097179072286,11.46637064969055,341,344,1
1764953330842975200,12.342975341796874,0.0852928496211767,0.0974871452838182,0.0384919035136001,0.135130456700883,11.3600335583133,11.476304875590015,341,344,1
1764953330852906200,12.35290625,0.0985191186800599,-0.0010649988830089,0.0122961189191672,0.0992892013694885,11.369969449028083,11.486238613069125,341,345,1
1764953330862837000,12.3628369140625,0.0660743544101715,-0.0617523995578289,-0.00462252040335,0.0905568708423059,11.379905095479756,11.496172106338047,341,345,1
1764953330872769000,12.37276904296875,0.0356122883901,-0.0991623850196599,-0.0536401627441635,0.1182314710489016,11.389842207510114,11.506107064868056,342,345,1
1764953330882700300,12.3827001953125,0.0090121584951877,-0.0628419483602047,-0.0872353254584595,0.1078903678846836,11.399778342488014,11.516041046557342,342,345,1
1764953330892631000,12.392631103515624,-0.0171621472030878,-0.021218144595623,-0.1132059709439519,0.1164488763967437,11.4097142332028,11.525974784036448,342,346,1
1764953330902562000,12.40256201171875,-0.0057569560915231,0.0311292977571487,-0.10047504765396,0.1053442495979656,11.419650123917584,11.535908521515555,343,346,1
1764953330912494000,12.412494140625,-0.0036360184147953,0.0400450101405382,-0.0855897045427467,0.0945643748500629,11.429587235947944,11.54584348004556,343,346,1
1764953330922425300,12.42242529296875,0.008097673998773,0.0581903231620788,-0.0294707716940902,0.0657283228003176,11.439523370925844,11.555777461734849,343,347,1
1764953330932356000,12.432356201171874,0.0160433723062276,0.0684346538007259,-0.0082910890954663,0.0707773536816007,11.449459261640628,11.565711199213952,343,347,1
1764953330942288100,12.4422880859375,0.011857611054182,0.0699111560940742,-0.0024672863043204,0.0709525206601552,11.459396129407873,11.57564591353378,344,347,1
1764953330952219100,12.45221923828125,-0.008178045758605,0.0899392141222953,-0.0285011160944704,0.094700877968456,11.469332264385772,11.585579895223066,344,348,1
1764953330962150100,12.462150146484374,-0.0500935259461402,0.067020695349574,-0.0493404471230925,0.0971370921387073,11.479268155100558,11.595513632702172,344,348,1
1764953330972081200,12.4720810546875,-0.0705579295650124,0.0181827224224805,-0.0636389165573287,0.0967416379837806,11.489204045815343,11.60544737018128,345,348,1
1764953330982013200,12.48201318359375,-0.045509705287218,-0.0193517662018537,-0.0802225058206357,0.094240514486088,11.499141157845704,11.615382328711284,345,348,1
1764953330991944200,12.491944091796874,0.0307850143641233,0.0030424364358186,-0.0540427202296443,0.0622702909796066,11.509077048560489,11.625316066190392,345,349,1
1764953331001875200,12.501875244140624,0.0806657743424177,0.0294102188795804,-0.0589385659798048,0.1041426074407707,11.519013183538386,11.635250047879678,346,349,1
1764953331011806200,12.51180615234375,0.1258297349318861,0.018802900147438,-0.0624742201595101,0.141738136828174,11.528949074253172,11.645183785358784,346,349,1
1764953331021738000,12.521738037109374,0.1288610654518008,0.0280856922775506,-0.0437934987867483,0.1389670854413644,11.538885942020416,11.65511849967861,346,350,1
1764953331031669200,12.531669189453124,0.0501142764732241,0.02747135977149,-0.0238878729782416,0.0619414787485251,11.548822076998317,11.665052481367896,346,350,1
1764953331041600300,12.541600341796874,-0.0433607105597853,0.0323164617151021,-0.0104773824843403,0.0550843032247508,11.558758211976215,11.674986463057182,347,350,1
1764953331051531000,12.551531005859376,-0.1074517821982502,0.0334545258343219,-0.0002167617229511,0.1125394943209895,11.568693858427888,11.684919956326112,347,351,1
1764953331061463000,12.561463134765624,-0.1031248589098453,0.025004092875123,-0.0167011044209531,0.1074191234118155,11.578630970458244,11.694854914856116,347,351,1
1764953331071394300,12.571394287109374,-0.0786120566830039,0.0280804315805435,-0.0628384412288665,0.1044846198718027,11.588567105436145,11.704788896545402,348,351,1
1764953331081325000,12.581324951171876,-0.0609030892521142,0.0398059406876564,-0.0778042839640751,0.1065232641146648,11.598502751887818,11.71472238981433,348,351,1
1764953331091257000,12.591257080078124,-0.0394794852122664,0.0261427415162324,-0.1074548783376347,0.1174249699389613,11.608439863918171,11.724657348344332,348,352,1
1764953331101188000,12.60118798828125,-0.0922711642012,0.0156184248924255,-0.122399997945223,0.1540768069378248,11.61837575463296,11.734591085823444,349,352,1
1764953331111119400,12.611119384765624,0.0115428460165858,0.0419902989894151,-0.1076681740284431,0.1161415438247752,11.628312133873974,11.744525311722906,349,352,1
1764953331121050000,12.621050048828126,0.1996200705468654,0.0436813208162784,-0.0040303880272433,0.2043831558153467,11.638247780325646,11.754458804991836,349,353,1
1764953331130982100,12.630982177734374,0.3065069123387337,0.02689326762259,0.0501507725587114,0.31174482376309,11.648184892356005,11.76439376352184,349,353,1
1764953331140913200,12.6409130859375,0.2097135945379734,0.0374257675528526,0.0454476637685205,0.2178209584796057,11.658120783070787,11.774327501000949,350,353,1
1764953331150844200,12.65084423828125,-0.0048269817650318,0.084941551965475,-0.0589296885536052,0.1034943244641383,11.66805691804869,11.784261482690232,350,354,1
1764953331160775200,12.660775146484376,-0.0859852157995104,0.08873685259521,-0.1388629382372368,0.18587792219753,11.677992808763475,11.79419522016934,350,354,1
1764953331170707200,12.670707275390624,-0.0483227168813347,0.0273924493163824,-0.1609998142461292,0.1703125698051447,11.687929920793833,11.804130178699346,351,354,1
1764953331180638000,12.680637939453124,0.0239788414806127,-0.0084252985179424,-0.1407423405093606,0.1430187991346648,11.697865567245502,11.814063671968272,351,354,1
1764953331190569200,12.6905693359375,0.0921691651314497,0.0193798232525587,-0.1328099766075145,0.1628165299864157,11.70780194648652,11.82399789786774,351,355,1
1764953331200500200,12.700500244140626,0.0745119278877973,0.0515016391783952,-0.1041575172926764,0.1380334548006102,11.717737837201303,11.833931635346849,352,355,0
1764953331210432000,12.710431884765624,0.03506196103096,0.0281289468973875,-0.09551854862459,0.1055669072022135,11.727674460705432,11.843866105456492,352,355,0
1764953331220363300,12.72036328125,0.0056599254578351,0.0280325007855892,-0.1080425785650964,0.1117633868468441,11.737610839946448,11.853800331355956,352,356,0
1764953331230294300,12.730294189453126,0.0167921448469162,0.0443523519456386,-0.0986931235400959,0.109496300785781,11.747546730661234,11.863734068835068,352,356,0
1764953331240226300,12.740226318359374,0.0443950220435857,0.1116992105096578,-0.0812215267953462,0.1450674602579725,11.75748384269159,11.87366902736507,353,356,0
1764953331250157000,12.750156982421874,0.0856318723171949,0.1575461849272251,-0.0683790191899286,0.1919096355242446,11.76741948914326,11.883602520633996,353,357,0
1764953331260088300,12.76008837890625,0.0999681484445929,0.1715583436667919,-0.0592098069695057,0.2071996554690653,11.777355868384277,11.893536746533464,353,357,0
1764953331270019000,12.77001904296875,0.1287888769984245,0.1170405715376138,-0.0615610782368108,0.1845937067671738,11.787291514835948,11.90347023980239,354,357,0
1764953331279951000,12.779951171875,0.1175824233293533,0.0583417143315076,-0.1230965105757117,0.1799503621087181,11.797228626866309,11.913405198332397,354,357,0
1764953331289882000,12.789882080078126,0.0723521195054054,0.0348071094870567,-0.1563356400936842,0.1757475360603111,11.807164517581093,11.923338935811504,354,358,0
1764953331299813400,12.7998134765625,0.1007026001989841,0.0333171631902456,-0.171782617409341,0.2018918390967944,11.817100896822106,11.93327316171097,355,358,0
1764953331309744000,12.809744140625,0.1725935319334268,0.0243786544531583,-0.1622786933418363,0.238153774630878,11.827036543273776,11.943206654979896,355,358,0
1764953331319676200,12.81967626953125,0.141725515460968,-0.0006938274830579,-0.1374936865774914,0.1974616848351162,11.836973655304137,11.9531416135099,355,359,0
1764953331329607200,12.829607177734376,0.0528501311779022,-0.0411976873070001,-0.0923942608579061,0.1141362573613031,11.84690954601892,11.963075350989008,355,359,0
1764953331339538200,12.8395380859375,-0.0142991589874029,-0.0887345145076513,-0.0887321033548563,0.1262999056944719,11.856845436733703,11.973009088468116,356,359,0
1764953331349469200,12.84946923828125,-0.055896074745059,-0.143379712408781,-0.0931620212268549,0.1798923992318823,11.866781571711606,11.982943070157402,356,359,0
1764953331359401200,12.859401123046876,-0.0757835552588105,-0.1484399184077978,-0.0982332235439214,0.1934614246624088,11.87671843947885,11.992877784477228,356,360,0
1764953331369332000,12.86933203125,-0.0826549023330211,-0.0857020149439573,-0.1395935175341088,0.1834748440050599,11.886654330193634,12.002811521956334,357,360,0
1764953331379263200,12.87926318359375,-0.0185521402567625,0.0194756848424673,-0.1755596151974052,0.1776081718177705,11.896590465171537,12.01274550364562,357,360,0
1764953331389195300,12.8891953125,0.0835568196088075,0.0710895522236824,-0.2178044734697788,0.2438734409523719,11.906527577201894,12.022680462175623,357,361,0
1764953331399126000,12.8991259765625,0.1596633232116699,0.0897159267604351,-0.2471832012325525,0.3076375452786127,11.916463223653563,12.032613955444551,357,361,0
1764953331409057000,12.90905712890625,0.2033741623833775,0.1147895777404308,-0.2530081262600608,0.3443120808751759,11.926399358631464,12.04254793713384,358,361,0
1764953331418988300,12.91898828125,0.174023564736545,0.1119271740466356,-0.281064208850637,0.3490114365898556,11.936335493609365,12.052481918823126,358,362,0
1764953331428920300,12.92892041015625,0.1414522514775395,0.1086217027604579,-0.3160393683809787,0.3628888206121736,11.946272605639724,12.062416877353131,358,362,0
1764953331438851000,12.93885107421875,0.1170832416355609,0.1214735855489969,-0.333781142102927,0.3739975511705323,11.956208252091391,12.072350370622058,359,362,0
1764953331448782000,12.948781982421876,0.0811360222026705,0.106902039361,-0.3366084014181048,0.362375931904514,11.96614414280618,12.082284108101168,359,362,0
1764953331458713000,12.958713134765626,0.0581005990520119,0.0852840817928314,-0.3168490042634308,0.3332301692826995,11.97608027778408,12.092218089790451,359,363,0
1764953331468645000,12.96864501953125,0.0184714762359857,0.0308820449978113,-0.2871595665836706,0.2894054471120144,11.986017145551322,12.102152804110275,360,363,0
1764953331478576000,12.978576171875,-0.0244517196893692,-0.0430325015187263,-0.217928611306101,0.2234783264849912,11.995953280529225,12.112086785799564,360,363,0
1764953331488507400,12.98850732421875,-0.034937165607512,-0.1013841527223586,-0.1451270036006812,0.1804472198124132,12.005889415507122,12.12202076748885,360,364,0
1764953331498438100,12.998438232421876,-0.0278530525654554,-0.1531336291819811,-0.0952652405838016,0.1824860734060221,12.015825306221908,12.131954504967958,360,364,0
1764953331508370200,13.0083701171875,-0.0208539874583482,-0.1637690049648285,-0.0988578125825151,0.1924267208281704,12.025762173989152,12.141889219287783,361,364,0
1764953331518301200,13.01830126953125,-0.0358040115699172,-0.16656360411942,-0.1168272941131144,0.2065768092297433,12.035698308967053,12.15182320097707,361,365,0
1764953331528232200,13.028232177734376,-0.1197749649375677,-0.1265519117265939,-0.170066059282422,0.2434828394513737,12.045634199681835,12.161756938456175,361,365,0
1764953331538164200,13.038164306640626,-0.1884074793979525,-0.0866512784928083,-0.2095544584535062,0.294820103478834,12.055571311712196,12.171691896986182,362,365,0
1764953331548095200,13.04809521484375,-0.2535939450576901,0.0103758480638265,-0.1816843999543227,0.3121326134509636,12.06550720242698,12.181625634465288,362,365,0
1764953331558026000,13.05802587890625,-0.1899871498048305,0.2253717669188976,-0.0661825092260725,0.3021054036964056,12.075442848878652,12.191559127734216,362,366,0
1764953331567957200,13.067957275390626,-0.062578328987956,0.4968213944017887,0.051182535892399,0.5033559348757489,12.085379228119669,12.201493353633682,363,366,0
1764953331577889300,13.07788916015625,0.084516312290728,0.7243342650026082,0.2536196640208363,0.7720920077802479,12.09531609588691,12.211428067953507,363,366,0
1764953331587820000,13.087820068359376,0.2179395710915327,0.8711363530755043,0.5400673194754868,1.0478782905770538,12.105251986601695,12.221361805432617,363,367,0
1764953331597751000,13.0977509765625,0.3375517466828227,0.8633055133193731,0.8333638909768313,1.2464882533743729,12.11518787731648,12.23129554291172,363,367,0
1764953331607682300,13.107682373046876,0.5123047947376966,0.8306956216156482,0.8908772647254168,1.3214286659851455,12.125124256557497,12.241229768811188,364,367,0
1764953331617614300,13.1176142578125,0.7076350591361522,0.6994102516263723,1.1178126276992262,1.4964715659318557,12.13506112432474,12.251164483131012,364,368,0
1764953331627545000,13.127545166015626,0.7709083846509456,0.3975730846643447,1.5614955755010247,1.7862341748729165,12.144997015039523,12.26109822061012,364,368,0
1764953331637476000,13.13747607421875,0.7082815403461455,0.0482148725926876,1.721627685268223,1.8622538229296932,12.15493290575431,12.271031958089226,365,368,0
1764953331647407000,13.147406982421876,0.4345820881098509,-0.3044961570382118,1.6114108222708106,1.696533035071362,12.164868796469095,12.280965695568334,365,368,0
1764953331657339100,13.157339111328126,0.0850377058163285,-0.644738165718317,1.3505885333947836,1.499002368337621,12.174805908499454,12.29090065409834,365,369,0
1764953331667270100,13.167270263671876,-0.2145247942119836,-0.9196078307777644,1.0823220659926531,1.4363566772546728,12.184742043477357,12.300834635787623,366,369,0
1764953331677201200,13.177201171875,-0.4504708543762564,-1.1939952652782202,0.9105177847407756,1.5676706670976948,12.19467793419214,12.31076837326673,366,369,0
1764953331687133200,13.18713330078125,-0.5881628765374421,-1.3145277705848215,0.6613495471708476,1.5847088226291242,12.204615046222498,12.320703331796738,366,370,0
1764953331697064200,13.197064208984376,-0.6481932746082544,-1.2239794846534728,0.3882183232765644,1.4383997242170272,12.214550936937284,12.330637069275843,366,370,0
1764953331706995200,13.2069951171875,-0.6328846463173627,-0.9272481163978576,0.1374345768013969,1.1310262188862854,12.224486827652068,12.34057080675495,367,370,0
1764953331716926200,13.21692626953125,-0.6066834526121616,-0.6417302160739898,-0.0209211709430441,0.8833573327308778,12.234422962629967,12.350504788444235,367,371,0
1764953331726858200,13.226858154296876,-0.5429378334105015,-0.3887929813593626,-0.1909022188231348,0.6945395096424588,12.244359830397212,12.360439502764065,367,371,0
1764953331736789200,13.236789306640626,-0.473228337368369,-0.1762748507946729,-0.344706477275677,0.6114249240805627,12.254295965375112,12.37037348445335,368,371,0
1764953331746720000,13.246719970703126,-0.3464747655898332,0.03491290794909,-0.4726672694195061,0.5870928562948824,12.264231611826784,12.380306977722276,368,371,0
1764953331756651300,13.2566513671875,-0.1964882022619247,0.2381400630772113,-0.5347823648098856,0.6175034258870106,12.274167991067795,12.390241203621745,368,372,0
1764953331766583300,13.266583251953126,-0.0880555923327803,0.4345119454830884,-0.5780200700445101,0.7284652493309722,12.284104858835043,12.400175917941567,369,372,0
1764953331776514000,13.27651416015625,0.0231327460452914,0.5931488482564687,-0.6479979712318629,0.8787844165938433,12.294040749549827,12.410109655420674,369,372,0
1764953331786445000,13.286445068359376,0.1002311832949519,0.6533698004633188,-0.7013421695370227,0.9637526783532594,12.303976640264612,12.420043392899782,369,373,0
1764953331796376300,13.296376220703126,0.1956234021261334,0.673908730623126,-0.7214369361259043,1.0064257277495483,12.313912775242512,12.429977374589068,369,373,0
1764953331806308400,13.306308349609376,0.2835457234680652,0.6769447373181581,-0.7142651448003947,1.0241225765290538,12.323849887272871,12.439912333119077,370,373,0
1764953331816238800,13.31623876953125,0.2992299070730805,0.6518681637287139,-0.6474305466074496,0.9662489083307834,12.333785289461426,12.44984558217782,370,373,0
1764953331826169900,13.326169921875,0.2137599473193287,0.559367574685812,-0.4861087155990302,0.7712892337308932,12.343721424439329,12.459779563867109,370,374,0
1764953331836102000,13.336101806640626,0.1543517728000879,0.3881868321597576,-0.3335227834276855,0.5345567635846623,12.353658292206571,12.469714278186936,371,374,0
1764953331846033000,13.346032958984376,0.192699915894866,0.1988648682653903,-0.23973418213455,0.3662689879034547,12.363594427184472,12.47964825987622,371,374,0
1764953331855963600,13.355963623046875,0.256302034972608,0.014254150801897,-0.0854304314609617,0.2705407040831181,12.37353007363614,12.489581753145147,371,375,0
1764953331865895000,13.36589501953125,0.2968237227141857,-0.1150257245838642,0.0307351290741004,0.319812269685127,12.383466452877157,12.499515979044611,372,375,0
1764953331875827000,13.375826904296876,0.2829974419355392,-0.1675467699378728,0.0921420213961973,0.3415400772466543,12.3934033206444,12.50945069336444,372,375,0
1764953331885757700,13.3857578125,0.2115115838706493,-0.1203513035207986,0.1555886759175919,0.288841517868217,12.403339211359183,12.519384430843544,372,376,0
1764953331895688700,13.395688720703124,0.1153667931064963,0.0162865334123373,0.2428397469344548,0.2693434439771244,12.41327510207397,12.529318168322652,372,376,0
1764953331905620000,13.405619873046875,0.0077685881748795,0.1705968051582574,0.328722945397906,0.3704354137005666,12.423211237051872,12.53925215001194,373,376,0
1764953331915551700,13.4155517578125,-0.1510886793509125,0.2616016026854515,0.4354846629727631,0.53000950863178,12.433148104819114,12.549186864331764,373,376,0
1764953331925482800,13.425482666015624,-0.3067392597898841,0.2959861028462648,0.5860667079757899,0.7246867825289387,12.4430839955339,12.55912060181087,373,377,0
1764953331935413800,13.435413818359375,-0.4525792248323559,0.283324189671874,0.7697123067341745,0.9367804365704506,12.4530201305118,12.569054583500158,374,377,0
1764953331945344800,13.4453447265625,-0.6004246844783425,0.2238578552246093,0.8991532909657806,1.1041280640085518,12.462956021226583,12.578988320979263,374,377,0
1764953331955276800,13.45527685546875,-0.726779904589057,0.2098293298721313,0.9461074229076504,1.2113449686484945,12.472893133256942,12.58892327950927,374,378,0
1764953331965207800,13.465207763671875,-0.7883645463645458,0.2002805802822113,0.9353089655175804,1.2395296808791314,12.48282902397173,12.598857016988378,374,378,0
1764953331975138600,13.475138671875,-0.7593301750600338,0.2166413479745388,0.8048524475678801,1.1275208427186318,12.492764914686514,12.608790754467485,375,378,0
1764953331985070600,13.485070556640624,-0.6521969572916626,0.2456605217099189,0.6396621045630425,0.9459796884929998,12.502701782453755,12.618725468787307,375,379,0
1764953331995001900,13.495001953125,-0.5207815311819315,0.2178261738449335,0.4986568662006407,0.753206688393806,12.512638161694772,12.628659694686776,375,379,0
1764953332004932900,13.504932861328124,-0.4130149839460849,0.2611976980596781,0.3497992703700437,0.6009701689660432,12.522574052409556,12.63859343216588,376,379,0
1764953332014863600,13.514863525390624,-0.4303320294499397,0.378202613762021,0.2500043778668158,0.6250800441379503,12.532509698861228,12.648526925434808,376,379,0
1764953332024795600,13.524795654296875,-0.4804448446184396,0.6185860718518496,0.148927263533324,0.7972799425754182,12.542446810891589,12.658461883964817,376,380,0
1764953332034727000,13.534726806640624,-0.450227401009202,1.1119675549328327,0.1352815452196635,1.2072603912660362,12.552382945869486,12.6683958656541,377,380,0
1764953332044657700,13.54465771484375,-0.2402230068311095,1.80252814514935,0.1865371189488097,1.8280073587959809,12.562318836584272,12.678329603133207,377,380,0
1764953332054588700,13.554588623046875,-0.1936465490952134,2.3763585449516773,0.2902462074873969,2.4018371678992216,12.572254727299056,12.688263340612314,377,381,0
1764953332064521000,13.56452099609375,-0.4807102175563573,2.124312706118822,0.6995056748248636,2.28759589432949,12.582192083592531,12.6981985433525,377,381,0
1764953332074451700,13.57445166015625,-1.087481056191027,-0.9363239877790211,0.3531946849619969,1.477857957704381,12.5921277300442,12.708132036621429,378,381,0
1764953332084382700,13.5843828125,-2.6673288654625416,-6.85995708066821,0.1568390595711767,7.361946272267055,12.6020638650221,12.718066018310711,378,382,0
1764953332094314000,13.59431396484375,-3.3125030845105647,-10.273650256633758,1.828091917733848,10.948172739786612,12.612000000000002,12.728,378,382,0
